# (0) ID (1) Max mass (2) seed formation time (3) GMC mass (4) GMC radius (5) GMC metallicity (6) ISRF (7) GMC virial parameter (8) GMC mass-to-flux ratio (9) seed (10) total stellar mass formed
# SFE: 0.0135407
# IMF params: -1.64654 -1.42741 -1.21166 18.6169
# 
2.554640000000000000e+05 9.154644608497619629e-02 1.322747475628232791e-02 2.000000000000000000e+04 1.000000000000000000e+01 1.000000000000000000e+00 1.000000000000000000e+00 2.000000000000000000e+00 1.328156617270719320e+00 4.200000000000000000e+01 2.708143005371093750e+02
1.314426000000000000e+06 1.714778065681457520e+00 1.231854348843301403e-02 2.000000000000000000e+04 1.000000000000000000e+01 1.000000000000000000e+00 1.000000000000000000e+00 2.000000000000000000e+00 1.328156617270719320e+00 4.200000000000000000e+01 2.708143005371093750e+02
8.445570000000000000e+06 1.087266921997070312e+01 1.226804730688582992e-02 2.000000000000000000e+04 1.000000000000000000e+01 1.000000000000000000e+00 1.000000000000000000e+00 2.000000000000000000e+00 1.328156617270719320e+00 4.200000000000000000e+01 2.708143005371093750e+02
1.183129700000000000e+07 2.150459289550781250e+00 1.241953585152738224e-02 2.000000000000000000e+04 1.000000000000000000e+01 1.000000000000000000e+00 1.000000000000000000e+00 2.000000000000000000e+00 1.328156617270719320e+00 4.200000000000000000e+01 2.708143005371093750e+02
1.836453900000000000e+07 5.256169438362121582e-01 1.221755112533864582e-02 2.000000000000000000e+04 1.000000000000000000e+01 1.000000000000000000e+00 1.000000000000000000e+00 2.000000000000000000e+00 1.328156617270719320e+00 4.200000000000000000e+01 2.708143005371093750e+02
1.277505600000000000e+07 2.413029193878173828e+00 1.211655876224427761e-02 2.000000000000000000e+04 1.000000000000000000e+01 1.000000000000000000e+00 1.000000000000000000e+00 2.000000000000000000e+00 1.328156617270719320e+00 4.200000000000000000e+01 2.708143005371093750e+02
2.519629000000000000e+06 4.286664128303527832e-01 1.282350530390485507e-02 2.000000000000000000e+04 1.000000000000000000e+01 1.000000000000000000e+00 1.000000000000000000e+00 2.000000000000000000e+00 1.328156617270719320e+00 4.200000000000000000e+01 2.708143005371093750e+02
8.422402000000000000e+06 1.262690275907516479e-01 1.239428776075379018e-02 2.000000000000000000e+04 1.000000000000000000e+01 1.000000000000000000e+00 1.000000000000000000e+00 2.000000000000000000e+00 1.328156617270719320e+00 4.200000000000000000e+01 2.708143005371093750e+02
1.096140200000000000e+07 1.426728963851928711e+00 1.264676866848971071e-02 2.000000000000000000e+04 1.000000000000000000e+01 1.000000000000000000e+00 1.000000000000000000e+00 2.000000000000000000e+00 1.328156617270719320e+00 4.200000000000000000e+01 2.708143005371093750e+02
2.014699000000000000e+06 1.730285435914993286e-01 1.330321902860310407e-02 2.000000000000000000e+04 1.000000000000000000e+01 1.000000000000000000e+00 1.000000000000000000e+00 2.000000000000000000e+00 1.328156617270719320e+00 4.200000000000000000e+01 2.708143005371093750e+02
1.187197200000000000e+07 9.140489101409912109e-01 1.330321902860310407e-02 2.000000000000000000e+04 1.000000000000000000e+01 1.000000000000000000e+00 1.000000000000000000e+00 2.000000000000000000e+00 1.328156617270719320e+00 4.200000000000000000e+01 2.708143005371093750e+02
2.440128000000000000e+06 6.190604567527770996e-01 1.340421139169747228e-02 2.000000000000000000e+04 1.000000000000000000e+01 1.000000000000000000e+00 1.000000000000000000e+00 2.000000000000000000e+00 1.328156617270719320e+00 4.200000000000000000e+01 2.708143005371093750e+02
8.877030000000000000e+06 9.966844320297241211e-02 1.236903966998019813e-02 2.000000000000000000e+04 1.000000000000000000e+01 1.000000000000000000e+00 1.000000000000000000e+00 2.000000000000000000e+00 1.328156617270719320e+00 4.200000000000000000e+01 2.708143005371093750e+02
3.986700000000000000e+06 5.148399472236633301e-01 1.234379157920660608e-02 2.000000000000000000e+04 1.000000000000000000e+01 1.000000000000000000e+00 1.000000000000000000e+00 2.000000000000000000e+00 1.328156617270719320e+00 4.200000000000000000e+01 2.708143005371093750e+02
1.207268600000000000e+07 7.265428543090820312e+00 1.219230303456505377e-02 2.000000000000000000e+04 1.000000000000000000e+01 1.000000000000000000e+00 1.000000000000000000e+00 2.000000000000000000e+00 1.328156617270719320e+00 4.200000000000000000e+01 2.708143005371093750e+02
1.077314200000000000e+07 1.861691474914550781e+01 1.221755112533864582e-02 2.000000000000000000e+04 1.000000000000000000e+01 1.000000000000000000e+00 1.000000000000000000e+00 2.000000000000000000e+00 1.328156617270719320e+00 4.200000000000000000e+01 2.708143005371093750e+02
5.916730000000000000e+06 2.755768299102783203e-01 1.181358167296117298e-02 2.000000000000000000e+04 1.000000000000000000e+01 1.000000000000000000e+00 1.000000000000000000e+00 2.000000000000000000e+00 1.328156617270719320e+00 4.200000000000000000e+01 2.708143005371093750e+02
8.559385000000000000e+06 9.982899665832519531e+00 1.209131067147068556e-02 2.000000000000000000e+04 1.000000000000000000e+01 1.000000000000000000e+00 1.000000000000000000e+00 2.000000000000000000e+00 1.328156617270719320e+00 4.200000000000000000e+01 2.708143005371093750e+02
1.493050300000000000e+07 5.640835687518119812e-02 1.221755112533864582e-02 2.000000000000000000e+04 1.000000000000000000e+01 1.000000000000000000e+00 1.000000000000000000e+00 2.000000000000000000e+00 1.328156617270719320e+00 4.200000000000000000e+01 2.708143005371093750e+02
1.596566100000000000e+07 9.898082017898559570e-01 1.365669229943339280e-02 2.000000000000000000e+04 1.000000000000000000e+01 1.000000000000000000e+00 1.000000000000000000e+00 2.000000000000000000e+00 1.328156617270719320e+00 4.200000000000000000e+01 2.708143005371093750e+02
1.154301000000000000e+06 1.165398359298706055e-01 1.196507021760272529e-02 2.000000000000000000e+04 1.000000000000000000e+01 1.000000000000000000e+00 1.000000000000000000e+00 2.000000000000000000e+00 1.328156617270719320e+00 4.200000000000000000e+01 2.708143005371093750e+02
3.944354000000000000e+06 2.503056824207305908e-01 1.219230303456505377e-02 2.000000000000000000e+04 1.000000000000000000e+01 1.000000000000000000e+00 1.000000000000000000e+00 2.000000000000000000e+00 1.328156617270719320e+00 4.200000000000000000e+01 2.708143005371093750e+02
1.528214600000000000e+07 1.612362980842590332e+00 1.350520375479184049e-02 2.000000000000000000e+04 1.000000000000000000e+01 1.000000000000000000e+00 1.000000000000000000e+00 2.000000000000000000e+00 1.328156617270719320e+00 4.200000000000000000e+01 2.708143005371093750e+02
1.458546800000000000e+07 2.302426338195800781e+00 1.219230303456505377e-02 2.000000000000000000e+04 1.000000000000000000e+01 1.000000000000000000e+00 1.000000000000000000e+00 2.000000000000000000e+00 1.328156617270719320e+00 4.200000000000000000e+01 2.708143005371093750e+02
1.464110700000000000e+07 4.856479465961456299e-01 1.234379157920660608e-02 2.000000000000000000e+04 1.000000000000000000e+01 1.000000000000000000e+00 1.000000000000000000e+00 2.000000000000000000e+00 1.328156617270719320e+00 4.200000000000000000e+01 2.708143005371093750e+02
1.370276100000000000e+07 2.122980952262878418e-01 1.193982212682913324e-02 2.000000000000000000e+04 1.000000000000000000e+01 1.000000000000000000e+00 1.000000000000000000e+00 2.000000000000000000e+00 1.328156617270719320e+00 4.200000000000000000e+01 2.708143005371093750e+02
1.243491000000000000e+06 1.075378036499023438e+01 1.196507021760272529e-02 2.000000000000000000e+04 1.000000000000000000e+01 1.000000000000000000e+00 1.000000000000000000e+00 2.000000000000000000e+00 1.328156617270719320e+00 4.200000000000000000e+01 2.708143005371093750e+02
3.255693000000000000e+06 7.964490652084350586e-01 1.216705494379146171e-02 2.000000000000000000e+04 1.000000000000000000e+01 1.000000000000000000e+00 1.000000000000000000e+00 2.000000000000000000e+00 1.328156617270719320e+00 4.200000000000000000e+01 2.708143005371093750e+02
1.523390900000000000e+07 5.059739574790000916e-02 1.322747475628232791e-02 2.000000000000000000e+04 1.000000000000000000e+01 1.000000000000000000e+00 1.000000000000000000e+00 2.000000000000000000e+00 1.328156617270719320e+00 4.200000000000000000e+01 2.708143005371093750e+02
1.654303300000000000e+07 1.971712410449981689e-01 1.350520375479184049e-02 2.000000000000000000e+04 1.000000000000000000e+01 1.000000000000000000e+00 1.000000000000000000e+00 2.000000000000000000e+00 1.328156617270719320e+00 4.200000000000000000e+01 2.708143005371093750e+02
9.881858000000000000e+06 1.040537357330322266e+00 1.355569993633902459e-02 2.000000000000000000e+04 1.000000000000000000e+01 1.000000000000000000e+00 1.000000000000000000e+00 2.000000000000000000e+00 1.328156617270719320e+00 4.200000000000000000e+01 2.708143005371093750e+02
4.493442000000000000e+06 2.290266007184982300e-01 1.353045184556543254e-02 2.000000000000000000e+04 1.000000000000000000e+01 1.000000000000000000e+00 1.000000000000000000e+00 2.000000000000000000e+00 1.328156617270719320e+00 4.200000000000000000e+01 2.708143005371093750e+02
3.988807000000000000e+06 2.630865573883056641e+00 1.244478394230097429e-02 2.000000000000000000e+04 1.000000000000000000e+01 1.000000000000000000e+00 1.000000000000000000e+00 2.000000000000000000e+00 1.328156617270719320e+00 4.200000000000000000e+01 2.708143005371093750e+02
2.208975000000000000e+06 2.864296138286590576e-01 1.327797093782951202e-02 2.000000000000000000e+04 1.000000000000000000e+01 1.000000000000000000e+00 1.000000000000000000e+00 2.000000000000000000e+00 1.328156617270719320e+00 4.200000000000000000e+01 2.708143005371093750e+02
7.992882000000000000e+06 3.049796521663665771e-01 1.294974575777281534e-02 2.000000000000000000e+04 1.000000000000000000e+01 1.000000000000000000e+00 1.000000000000000000e+00 2.000000000000000000e+00 1.328156617270719320e+00 4.200000000000000000e+01 2.708143005371093750e+02
5.071160000000000000e+05 8.517114639282226562e+00 1.300024193931999944e-02 2.000000000000000000e+04 1.000000000000000000e+01 1.000000000000000000e+00 1.000000000000000000e+00 2.000000000000000000e+00 1.328156617270719320e+00 4.200000000000000000e+01 2.708143005371093750e+02
3.489462000000000000e+06 1.606382876634597778e-01 1.307598621164077560e-02 2.000000000000000000e+04 1.000000000000000000e+01 1.000000000000000000e+00 1.000000000000000000e+00 2.000000000000000000e+00 1.328156617270719320e+00 4.200000000000000000e+01 2.708143005371093750e+02
9.338706000000000000e+06 1.687569320201873779e-01 1.199031830837631735e-02 2.000000000000000000e+04 1.000000000000000000e+01 1.000000000000000000e+00 1.000000000000000000e+00 2.000000000000000000e+00 1.328156617270719320e+00 4.200000000000000000e+01 2.708143005371093750e+02
6.220378000000000000e+06 1.263384222984313965e-01 1.236903966998019813e-02 2.000000000000000000e+04 1.000000000000000000e+01 1.000000000000000000e+00 1.000000000000000000e+00 2.000000000000000000e+00 1.328156617270719320e+00 4.200000000000000000e+01 2.708143005371093750e+02
1.884803600000000000e+07 1.876522600650787354e-01 1.335371521015028817e-02 2.000000000000000000e+04 1.000000000000000000e+01 1.000000000000000000e+00 1.000000000000000000e+00 2.000000000000000000e+00 1.328156617270719320e+00 4.200000000000000000e+01 2.708143005371093750e+02
1.095488600000000000e+07 5.293319225311279297e+00 1.335371521015028817e-02 2.000000000000000000e+04 1.000000000000000000e+01 1.000000000000000000e+00 1.000000000000000000e+00 2.000000000000000000e+00 1.328156617270719320e+00 4.200000000000000000e+01 2.708143005371093750e+02
7.347234000000000000e+06 1.028818562626838684e-01 1.337896330092388023e-02 2.000000000000000000e+04 1.000000000000000000e+01 1.000000000000000000e+00 1.000000000000000000e+00 2.000000000000000000e+00 1.328156617270719320e+00 4.200000000000000000e+01 2.708143005371093750e+02
4.016939000000000000e+06 4.996931180357933044e-02 1.340421139169747228e-02 2.000000000000000000e+04 1.000000000000000000e+01 1.000000000000000000e+00 1.000000000000000000e+00 2.000000000000000000e+00 1.328156617270719320e+00 4.200000000000000000e+01 2.708143005371093750e+02
9.010400000000000000e+04 3.794066429138183594e+00 1.340421139169747228e-02 2.000000000000000000e+04 1.000000000000000000e+01 1.000000000000000000e+00 1.000000000000000000e+00 2.000000000000000000e+00 1.328156617270719320e+00 4.200000000000000000e+01 2.708143005371093750e+02
2.317082000000000000e+06 3.200938701629638672e-01 1.342945948247106433e-02 2.000000000000000000e+04 1.000000000000000000e+01 1.000000000000000000e+00 1.000000000000000000e+00 2.000000000000000000e+00 1.328156617270719320e+00 4.200000000000000000e+01 2.708143005371093750e+02
1.351190800000000000e+07 6.417726725339889526e-02 1.335371521015028817e-02 2.000000000000000000e+04 1.000000000000000000e+01 1.000000000000000000e+00 1.000000000000000000e+00 2.000000000000000000e+00 1.328156617270719320e+00 4.200000000000000000e+01 2.708143005371093750e+02
7.713415000000000000e+06 1.403975129127502441e+00 1.327797093782951202e-02 2.000000000000000000e+04 1.000000000000000000e+01 1.000000000000000000e+00 1.000000000000000000e+00 2.000000000000000000e+00 1.328156617270719320e+00 4.200000000000000000e+01 2.708143005371093750e+02
7.477643000000000000e+06 3.009186387062072754e-01 1.247003203307456634e-02 2.000000000000000000e+04 1.000000000000000000e+01 1.000000000000000000e+00 1.000000000000000000e+00 2.000000000000000000e+00 1.328156617270719320e+00 4.200000000000000000e+01 2.708143005371093750e+02
3.030925000000000000e+06 9.252835810184478760e-02 1.247003203307456634e-02 2.000000000000000000e+04 1.000000000000000000e+01 1.000000000000000000e+00 1.000000000000000000e+00 2.000000000000000000e+00 1.328156617270719320e+00 4.200000000000000000e+01 2.708143005371093750e+02
5.557937000000000000e+06 2.039927721023559570e+00 1.317697857473514381e-02 2.000000000000000000e+04 1.000000000000000000e+01 1.000000000000000000e+00 1.000000000000000000e+00 2.000000000000000000e+00 1.328156617270719320e+00 4.200000000000000000e+01 2.708143005371093750e+02
1.384912000000000000e+07 1.826899647712707520e-01 1.320222666550873586e-02 2.000000000000000000e+04 1.000000000000000000e+01 1.000000000000000000e+00 1.000000000000000000e+00 2.000000000000000000e+00 1.328156617270719320e+00 4.200000000000000000e+01 2.708143005371093750e+02
2.111689000000000000e+06 1.136716365814208984e+00 1.340421139169747228e-02 2.000000000000000000e+04 1.000000000000000000e+01 1.000000000000000000e+00 1.000000000000000000e+00 2.000000000000000000e+00 1.328156617270719320e+00 4.200000000000000000e+01 2.708143005371093750e+02
3.949278000000000000e+06 3.943670988082885742e+00 1.350520375479184049e-02 2.000000000000000000e+04 1.000000000000000000e+01 1.000000000000000000e+00 1.000000000000000000e+00 2.000000000000000000e+00 1.328156617270719320e+00 4.200000000000000000e+01 2.708143005371093750e+02
4.705340000000000000e+05 3.781274557113647461e-01 1.173783740064039682e-02 2.000000000000000000e+04 1.000000000000000000e+01 1.000000000000000000e+00 1.000000000000000000e+00 2.000000000000000000e+00 1.328156617270719320e+00 4.200000000000000000e+01 2.708143005371093750e+02
1.068262000000000000e+06 7.466790080070495605e-01 1.168734121909321272e-02 2.000000000000000000e+04 1.000000000000000000e+01 1.000000000000000000e+00 1.000000000000000000e+00 2.000000000000000000e+00 1.328156617270719320e+00 4.200000000000000000e+01 2.708143005371093750e+02
5.891412000000000000e+06 5.224577903747558594e+00 1.173783740064039682e-02 2.000000000000000000e+04 1.000000000000000000e+01 1.000000000000000000e+00 1.000000000000000000e+00 2.000000000000000000e+00 1.328156617270719320e+00 4.200000000000000000e+01 2.708143005371093750e+02
8.617187000000000000e+06 1.905973404645919800e-01 1.214180685301786966e-02 2.000000000000000000e+04 1.000000000000000000e+01 1.000000000000000000e+00 1.000000000000000000e+00 2.000000000000000000e+00 1.328156617270719320e+00 4.200000000000000000e+01 2.708143005371093750e+02
1.491222500000000000e+07 6.310382485389709473e-01 1.347995566401824843e-02 2.000000000000000000e+04 1.000000000000000000e+01 1.000000000000000000e+00 1.000000000000000000e+00 2.000000000000000000e+00 1.328156617270719320e+00 4.200000000000000000e+01 2.708143005371093750e+02
1.730323000000000000e+06 8.831765651702880859e-01 1.209131067147068556e-02 2.000000000000000000e+04 1.000000000000000000e+01 1.000000000000000000e+00 1.000000000000000000e+00 2.000000000000000000e+00 1.328156617270719320e+00 4.200000000000000000e+01 2.708143005371093750e+02
1.115555800000000000e+07 1.023999974131584167e-01 1.239428776075379018e-02 2.000000000000000000e+04 1.000000000000000000e+01 1.000000000000000000e+00 1.000000000000000000e+00 2.000000000000000000e+00 1.328156617270719320e+00 4.200000000000000000e+01 2.708143005371093750e+02
1.061620400000000000e+07 1.176576465368270874e-01 1.214180685301786966e-02 2.000000000000000000e+04 1.000000000000000000e+01 1.000000000000000000e+00 1.000000000000000000e+00 2.000000000000000000e+00 1.328156617270719320e+00 4.200000000000000000e+01 2.708143005371093750e+02
5.298175000000000000e+06 9.233592748641967773e-01 1.236903966998019813e-02 2.000000000000000000e+04 1.000000000000000000e+01 1.000000000000000000e+00 1.000000000000000000e+00 2.000000000000000000e+00 1.328156617270719320e+00 4.200000000000000000e+01 2.708143005371093750e+02
5.570918000000000000e+06 2.539449334144592285e-01 1.244478394230097429e-02 2.000000000000000000e+04 1.000000000000000000e+01 1.000000000000000000e+00 1.000000000000000000e+00 2.000000000000000000e+00 1.328156617270719320e+00 4.200000000000000000e+01 2.708143005371093750e+02
1.928811900000000000e+07 1.631883049011230469e+01 1.110663513130059551e-02 2.000000000000000000e+04 1.000000000000000000e+01 1.000000000000000000e+00 1.000000000000000000e+00 2.000000000000000000e+00 1.328156617270719320e+00 4.200000000000000000e+01 2.708143005371093750e+02
1.283093800000000000e+07 7.392621994018554688e+00 1.130861985748933193e-02 2.000000000000000000e+04 1.000000000000000000e+01 1.000000000000000000e+00 1.000000000000000000e+00 2.000000000000000000e+00 1.328156617270719320e+00 4.200000000000000000e+01 2.708143005371093750e+02
1.217231800000000000e+07 1.987637758255004883e+00 1.310123430241436765e-02 2.000000000000000000e+04 1.000000000000000000e+01 1.000000000000000000e+00 1.000000000000000000e+00 2.000000000000000000e+00 1.328156617270719320e+00 4.200000000000000000e+01 2.708143005371093750e+02
6.693890000000000000e+05 7.959830760955810547e+00 1.193982212682913324e-02 2.000000000000000000e+04 1.000000000000000000e+01 1.000000000000000000e+00 1.000000000000000000e+00 2.000000000000000000e+00 1.328156617270719320e+00 4.200000000000000000e+01 2.708143005371093750e+02
1.089922600000000000e+07 1.397261238098144531e+01 1.211655876224427761e-02 2.000000000000000000e+04 1.000000000000000000e+01 1.000000000000000000e+00 1.000000000000000000e+00 2.000000000000000000e+00 1.328156617270719320e+00 4.200000000000000000e+01 2.708143005371093750e+02
1.121363400000000000e+07 2.080295383930206299e-01 1.244478394230097429e-02 2.000000000000000000e+04 1.000000000000000000e+01 1.000000000000000000e+00 1.000000000000000000e+00 2.000000000000000000e+00 1.328156617270719320e+00 4.200000000000000000e+01 2.708143005371093750e+02
2.159080000000000000e+06 4.945371747016906738e-01 1.269726485003689481e-02 2.000000000000000000e+04 1.000000000000000000e+01 1.000000000000000000e+00 1.000000000000000000e+00 2.000000000000000000e+00 1.328156617270719320e+00 4.200000000000000000e+01 2.708143005371093750e+02
1.989171000000000000e+06 9.329850226640701294e-02 1.171258930986680477e-02 2.000000000000000000e+04 1.000000000000000000e+01 1.000000000000000000e+00 1.000000000000000000e+00 2.000000000000000000e+00 1.328156617270719320e+00 4.200000000000000000e+01 2.708143005371093750e+02
1.205135700000000000e+07 2.064872980117797852e-01 1.216705494379146171e-02 2.000000000000000000e+04 1.000000000000000000e+01 1.000000000000000000e+00 1.000000000000000000e+00 2.000000000000000000e+00 1.328156617270719320e+00 4.200000000000000000e+01 2.708143005371093750e+02
7.354531000000000000e+06 1.626854419708251953e+00 1.284875339467844713e-02 2.000000000000000000e+04 1.000000000000000000e+01 1.000000000000000000e+00 1.000000000000000000e+00 2.000000000000000000e+00 1.328156617270719320e+00 4.200000000000000000e+01 2.708143005371093750e+02
3.923202000000000000e+06 1.212984770536422729e-01 1.317697857473514381e-02 2.000000000000000000e+04 1.000000000000000000e+01 1.000000000000000000e+00 1.000000000000000000e+00 2.000000000000000000e+00 1.328156617270719320e+00 4.200000000000000000e+01 2.708143005371093750e+02
5.975631000000000000e+06 1.085580065846443176e-01 1.342945948247106433e-02 2.000000000000000000e+04 1.000000000000000000e+01 1.000000000000000000e+00 1.000000000000000000e+00 2.000000000000000000e+00 1.328156617270719320e+00 4.200000000000000000e+01 2.708143005371093750e+02
1.277473300000000000e+07 1.457992643117904663e-01 1.206606258069709350e-02 2.000000000000000000e+04 1.000000000000000000e+01 1.000000000000000000e+00 1.000000000000000000e+00 2.000000000000000000e+00 1.328156617270719320e+00 4.200000000000000000e+01 2.708143005371093750e+02
7.411769000000000000e+06 1.915777623653411865e-01 1.140961222058370014e-02 2.000000000000000000e+04 1.000000000000000000e+01 1.000000000000000000e+00 1.000000000000000000e+00 2.000000000000000000e+00 1.328156617270719320e+00 4.200000000000000000e+01 2.708143005371093750e+02
7.083424000000000000e+06 3.401175737380981445e-01 1.310123430241436765e-02 2.000000000000000000e+04 1.000000000000000000e+01 1.000000000000000000e+00 1.000000000000000000e+00 2.000000000000000000e+00 1.328156617270719320e+00 4.200000000000000000e+01 2.708143005371093750e+02
1.533584300000000000e+07 3.932379484176635742e+00 1.252052821462175045e-02 2.000000000000000000e+04 1.000000000000000000e+01 1.000000000000000000e+00 1.000000000000000000e+00 2.000000000000000000e+00 1.328156617270719320e+00 4.200000000000000000e+01 2.708143005371093750e+02
5.871663000000000000e+06 4.747298657894134521e-01 1.229329539765942197e-02 2.000000000000000000e+04 1.000000000000000000e+01 1.000000000000000000e+00 1.000000000000000000e+00 2.000000000000000000e+00 1.328156617270719320e+00 4.200000000000000000e+01 2.708143005371093750e+02
8.442419000000000000e+06 8.321456909179687500e-01 1.211655876224427761e-02 2.000000000000000000e+04 1.000000000000000000e+01 1.000000000000000000e+00 1.000000000000000000e+00 2.000000000000000000e+00 1.328156617270719320e+00 4.200000000000000000e+01 2.708143005371093750e+02
9.437362000000000000e+06 2.204719543457031250e+00 1.335371521015028817e-02 2.000000000000000000e+04 1.000000000000000000e+01 1.000000000000000000e+00 1.000000000000000000e+00 2.000000000000000000e+00 1.328156617270719320e+00 4.200000000000000000e+01 2.708143005371093750e+02
8.374301000000000000e+06 1.073647737503051758e+00 1.257102439616893455e-02 2.000000000000000000e+04 1.000000000000000000e+01 1.000000000000000000e+00 1.000000000000000000e+00 2.000000000000000000e+00 1.328156617270719320e+00 4.200000000000000000e+01 2.708143005371093750e+02
1.257725700000000000e+07 1.153860211372375488e+00 1.234379157920660608e-02 2.000000000000000000e+04 1.000000000000000000e+01 1.000000000000000000e+00 1.000000000000000000e+00 2.000000000000000000e+00 1.328156617270719320e+00 4.200000000000000000e+01 2.708143005371093750e+02
6.407990000000000000e+06 5.235412120819091797e+00 1.234379157920660608e-02 2.000000000000000000e+04 1.000000000000000000e+01 1.000000000000000000e+00 1.000000000000000000e+00 2.000000000000000000e+00 1.328156617270719320e+00 4.200000000000000000e+01 2.708143005371093750e+02
4.793099000000000000e+06 2.909763455390930176e-01 1.327797093782951202e-02 2.000000000000000000e+04 1.000000000000000000e+01 1.000000000000000000e+00 1.000000000000000000e+00 2.000000000000000000e+00 1.328156617270719320e+00 4.200000000000000000e+01 2.708143005371093750e+02
1.216866200000000000e+07 1.551817297935485840e+00 1.327797093782951202e-02 2.000000000000000000e+04 1.000000000000000000e+01 1.000000000000000000e+00 1.000000000000000000e+00 2.000000000000000000e+00 1.328156617270719320e+00 4.200000000000000000e+01 2.708143005371093750e+02
2.007342000000000000e+06 7.509613037109375000e-02 1.337896330092388023e-02 2.000000000000000000e+04 1.000000000000000000e+01 1.000000000000000000e+00 1.000000000000000000e+00 2.000000000000000000e+00 1.328156617270719320e+00 4.200000000000000000e+01 2.708143005371093750e+02
4.783723000000000000e+06 3.527898788452148438e-01 1.216705494379146171e-02 2.000000000000000000e+04 1.000000000000000000e+01 1.000000000000000000e+00 1.000000000000000000e+00 2.000000000000000000e+00 1.328156617270719320e+00 4.200000000000000000e+01 2.708143005371093750e+02
8.041002000000000000e+06 1.317385911941528320e+00 1.216705494379146171e-02 2.000000000000000000e+04 1.000000000000000000e+01 1.000000000000000000e+00 1.000000000000000000e+00 2.000000000000000000e+00 1.328156617270719320e+00 4.200000000000000000e+01 2.708143005371093750e+02
1.175754000000000000e+07 6.959968805313110352e-01 1.234379157920660608e-02 2.000000000000000000e+04 1.000000000000000000e+01 1.000000000000000000e+00 1.000000000000000000e+00 2.000000000000000000e+00 1.328156617270719320e+00 4.200000000000000000e+01 2.708143005371093750e+02
1.512146500000000000e+07 3.993360102176666260e-01 1.257102439616893455e-02 2.000000000000000000e+04 1.000000000000000000e+01 1.000000000000000000e+00 1.000000000000000000e+00 2.000000000000000000e+00 1.328156617270719320e+00 4.200000000000000000e+01 2.708143005371093750e+02
5.843616000000000000e+06 3.445980548858642578e-01 1.302549003009359149e-02 2.000000000000000000e+04 1.000000000000000000e+01 1.000000000000000000e+00 1.000000000000000000e+00 2.000000000000000000e+00 1.328156617270719320e+00 4.200000000000000000e+01 2.708143005371093750e+02
2.334710000000000000e+06 2.979769408702850342e-01 1.221755112533864582e-02 2.000000000000000000e+04 1.000000000000000000e+01 1.000000000000000000e+00 1.000000000000000000e+00 2.000000000000000000e+00 1.328156617270719320e+00 4.200000000000000000e+01 2.708143005371093750e+02
1.566330000000000000e+07 9.272777438163757324e-01 1.315173048396155175e-02 2.000000000000000000e+04 1.000000000000000000e+01 1.000000000000000000e+00 1.000000000000000000e+00 2.000000000000000000e+00 1.328156617270719320e+00 4.200000000000000000e+01 2.708143005371093750e+02
1.726551900000000000e+07 8.550391197204589844e-01 1.186407785450835708e-02 2.000000000000000000e+04 1.000000000000000000e+01 1.000000000000000000e+00 1.000000000000000000e+00 2.000000000000000000e+00 1.328156617270719320e+00 4.200000000000000000e+01 2.708143005371093750e+02
8.944670000000000000e+05 8.601596206426620483e-02 1.219230303456505377e-02 2.000000000000000000e+04 1.000000000000000000e+01 1.000000000000000000e+00 1.000000000000000000e+00 2.000000000000000000e+00 1.328156617270719320e+00 4.200000000000000000e+01 2.708143005371093750e+02
1.016615100000000000e+07 9.349323272705078125e+00 1.337896330092388023e-02 2.000000000000000000e+04 1.000000000000000000e+01 1.000000000000000000e+00 1.000000000000000000e+00 2.000000000000000000e+00 1.328156617270719320e+00 4.200000000000000000e+01 2.708143005371093750e+02
5.360320000000000000e+06 1.950391888618469238e+00 1.330321902860310407e-02 2.000000000000000000e+04 1.000000000000000000e+01 1.000000000000000000e+00 1.000000000000000000e+00 2.000000000000000000e+00 1.328156617270719320e+00 4.200000000000000000e+01 2.708143005371093750e+02
1.082834900000000000e+07 3.661143064498901367e+00 1.358094802711261664e-02 2.000000000000000000e+04 1.000000000000000000e+01 1.000000000000000000e+00 1.000000000000000000e+00 2.000000000000000000e+00 1.328156617270719320e+00 4.200000000000000000e+01 2.708143005371093750e+02
1.106483700000000000e+07 1.779969781637191772e-01 1.350520375479184049e-02 2.000000000000000000e+04 1.000000000000000000e+01 1.000000000000000000e+00 1.000000000000000000e+00 2.000000000000000000e+00 1.328156617270719320e+00 4.200000000000000000e+01 2.708143005371093750e+02
4.714619000000000000e+06 3.712516784667968750e+00 1.340421139169747228e-02 2.000000000000000000e+04 1.000000000000000000e+01 1.000000000000000000e+00 1.000000000000000000e+00 2.000000000000000000e+00 1.328156617270719320e+00 4.200000000000000000e+01 2.708143005371093750e+02
9.662604000000000000e+06 1.561555862426757812e-01 1.347995566401824843e-02 2.000000000000000000e+04 1.000000000000000000e+01 1.000000000000000000e+00 1.000000000000000000e+00 2.000000000000000000e+00 1.328156617270719320e+00 4.200000000000000000e+01 2.708143005371093750e+02
7.457765000000000000e+06 4.138259887695312500e-01 1.345470757324465638e-02 2.000000000000000000e+04 1.000000000000000000e+01 1.000000000000000000e+00 1.000000000000000000e+00 2.000000000000000000e+00 1.328156617270719320e+00 4.200000000000000000e+01 2.708143005371093750e+02
3.682336000000000000e+06 3.940185904502868652e-01 1.340421139169747228e-02 2.000000000000000000e+04 1.000000000000000000e+01 1.000000000000000000e+00 1.000000000000000000e+00 2.000000000000000000e+00 1.328156617270719320e+00 4.200000000000000000e+01 2.708143005371093750e+02
1.487647000000000000e+06 1.626671850681304932e-01 1.310123430241436765e-02 2.000000000000000000e+04 1.000000000000000000e+01 1.000000000000000000e+00 1.000000000000000000e+00 2.000000000000000000e+00 1.328156617270719320e+00 4.200000000000000000e+01 2.708143005371093750e+02
1.725116500000000000e+07 1.628784239292144775e-01 1.269726485003689481e-02 2.000000000000000000e+04 1.000000000000000000e+01 1.000000000000000000e+00 1.000000000000000000e+00 2.000000000000000000e+00 1.328156617270719320e+00 4.200000000000000000e+01 2.708143005371093750e+02
9.062631000000000000e+06 4.163857549428939819e-02 1.355569993633902459e-02 2.000000000000000000e+04 1.000000000000000000e+01 1.000000000000000000e+00 1.000000000000000000e+00 2.000000000000000000e+00 1.328156617270719320e+00 4.200000000000000000e+01 2.708143005371093750e+02
1.397435400000000000e+07 5.325458049774169922e-01 1.239428776075379018e-02 2.000000000000000000e+04 1.000000000000000000e+01 1.000000000000000000e+00 1.000000000000000000e+00 2.000000000000000000e+00 1.328156617270719320e+00 4.200000000000000000e+01 2.708143005371093750e+02
5.963259000000000000e+06 7.445079684257507324e-01 1.244478394230097429e-02 2.000000000000000000e+04 1.000000000000000000e+01 1.000000000000000000e+00 1.000000000000000000e+00 2.000000000000000000e+00 1.328156617270719320e+00 4.200000000000000000e+01 2.708143005371093750e+02
4.957141000000000000e+06 2.172683626413345337e-01 1.279825721313126302e-02 2.000000000000000000e+04 1.000000000000000000e+01 1.000000000000000000e+00 1.000000000000000000e+00 2.000000000000000000e+00 1.328156617270719320e+00 4.200000000000000000e+01 2.708143005371093750e+02
1.154665200000000000e+07 1.060378327965736389e-01 1.178833358218758093e-02 2.000000000000000000e+04 1.000000000000000000e+01 1.000000000000000000e+00 1.000000000000000000e+00 2.000000000000000000e+00 1.328156617270719320e+00 4.200000000000000000e+01 2.708143005371093750e+02
9.190717000000000000e+06 1.775395989418029785e+00 1.292449766699922328e-02 2.000000000000000000e+04 1.000000000000000000e+01 1.000000000000000000e+00 1.000000000000000000e+00 2.000000000000000000e+00 1.328156617270719320e+00 4.200000000000000000e+01 2.708143005371093750e+02
1.156315200000000000e+07 5.010554939508438110e-02 1.317697857473514381e-02 2.000000000000000000e+04 1.000000000000000000e+01 1.000000000000000000e+00 1.000000000000000000e+00 2.000000000000000000e+00 1.328156617270719320e+00 4.200000000000000000e+01 2.708143005371093750e+02
1.689843100000000000e+07 1.718392670154571533e-01 1.234379157920660608e-02 2.000000000000000000e+04 1.000000000000000000e+01 1.000000000000000000e+00 1.000000000000000000e+00 2.000000000000000000e+00 1.328156617270719320e+00 4.200000000000000000e+01 2.708143005371093750e+02
8.428355000000000000e+06 4.793936252593994141e+00 1.332846711937669612e-02 2.000000000000000000e+04 1.000000000000000000e+01 1.000000000000000000e+00 1.000000000000000000e+00 2.000000000000000000e+00 1.328156617270719320e+00 4.200000000000000000e+01 2.708143005371093750e+02
1.153718200000000000e+07 4.698272645473480225e-01 1.300024193931999944e-02 2.000000000000000000e+04 1.000000000000000000e+01 1.000000000000000000e+00 1.000000000000000000e+00 2.000000000000000000e+00 1.328156617270719320e+00 4.200000000000000000e+01 2.708143005371093750e+02
3.819785000000000000e+06 2.891337156295776367e+00 1.327797093782951202e-02 2.000000000000000000e+04 1.000000000000000000e+01 1.000000000000000000e+00 1.000000000000000000e+00 2.000000000000000000e+00 1.328156617270719320e+00 4.200000000000000000e+01 2.708143005371093750e+02
2.396688000000000000e+06 6.495860219001770020e-01 1.310123430241436765e-02 2.000000000000000000e+04 1.000000000000000000e+01 1.000000000000000000e+00 1.000000000000000000e+00 2.000000000000000000e+00 1.328156617270719320e+00 4.200000000000000000e+01 2.708143005371093750e+02
1.522639000000000000e+07 2.568426609039306641e+00 1.315173048396155175e-02 2.000000000000000000e+04 1.000000000000000000e+01 1.000000000000000000e+00 1.000000000000000000e+00 2.000000000000000000e+00 1.328156617270719320e+00 4.200000000000000000e+01 2.708143005371093750e+02
7.159531000000000000e+06 1.409436225891113281e+00 1.277300912235767097e-02 2.000000000000000000e+04 1.000000000000000000e+01 1.000000000000000000e+00 1.000000000000000000e+00 2.000000000000000000e+00 1.328156617270719320e+00 4.200000000000000000e+01 2.708143005371093750e+02
1.848210600000000000e+07 1.568576842546463013e-01 1.277300912235767097e-02 2.000000000000000000e+04 1.000000000000000000e+01 1.000000000000000000e+00 1.000000000000000000e+00 2.000000000000000000e+00 1.328156617270719320e+00 4.200000000000000000e+01 2.708143005371093750e+02
4.542502000000000000e+06 7.175560593605041504e-01 1.262152057771611866e-02 2.000000000000000000e+04 1.000000000000000000e+01 1.000000000000000000e+00 1.000000000000000000e+00 2.000000000000000000e+00 1.328156617270719320e+00 4.200000000000000000e+01 2.708143005371093750e+02
2.722625000000000000e+06 4.564478874206542969e+00 1.264676866848971071e-02 2.000000000000000000e+04 1.000000000000000000e+01 1.000000000000000000e+00 1.000000000000000000e+00 2.000000000000000000e+00 1.328156617270719320e+00 4.200000000000000000e+01 2.708143005371093750e+02
1.028248900000000000e+07 1.586060971021652222e-01 1.317697857473514381e-02 2.000000000000000000e+04 1.000000000000000000e+01 1.000000000000000000e+00 1.000000000000000000e+00 2.000000000000000000e+00 1.328156617270719320e+00 4.200000000000000000e+01 2.708143005371093750e+02
4.587998000000000000e+06 1.580375909805297852e+00 1.239428776075379018e-02 2.000000000000000000e+04 1.000000000000000000e+01 1.000000000000000000e+00 1.000000000000000000e+00 2.000000000000000000e+00 1.328156617270719320e+00 4.200000000000000000e+01 2.708143005371093750e+02
7.038961000000000000e+06 1.330127835273742676e+00 1.214180685301786966e-02 2.000000000000000000e+04 1.000000000000000000e+01 1.000000000000000000e+00 1.000000000000000000e+00 2.000000000000000000e+00 1.328156617270719320e+00 4.200000000000000000e+01 2.708143005371093750e+02
4.642882000000000000e+06 7.956793904304504395e-01 1.135911603903651604e-02 2.000000000000000000e+04 1.000000000000000000e+01 1.000000000000000000e+00 1.000000000000000000e+00 2.000000000000000000e+00 1.328156617270719320e+00 4.200000000000000000e+01 2.708143005371093750e+02
2.367629000000000000e+06 8.850643634796142578e-01 1.252052821462175045e-02 2.000000000000000000e+04 1.000000000000000000e+01 1.000000000000000000e+00 1.000000000000000000e+00 2.000000000000000000e+00 1.328156617270719320e+00 4.200000000000000000e+01 2.708143005371093750e+02
3.059663000000000000e+06 1.621081829071044922e-01 1.322747475628232791e-02 2.000000000000000000e+04 1.000000000000000000e+01 1.000000000000000000e+00 1.000000000000000000e+00 2.000000000000000000e+00 1.328156617270719320e+00 4.200000000000000000e+01 2.708143005371093750e+02
1.646447500000000000e+07 3.799791634082794189e-02 1.264676866848971071e-02 2.000000000000000000e+04 1.000000000000000000e+01 1.000000000000000000e+00 1.000000000000000000e+00 2.000000000000000000e+00 1.328156617270719320e+00 4.200000000000000000e+01 2.708143005371093750e+02
1.820845800000000000e+07 2.113877385854721069e-01 1.221755112533864582e-02 2.000000000000000000e+04 1.000000000000000000e+01 1.000000000000000000e+00 1.000000000000000000e+00 2.000000000000000000e+00 1.328156617270719320e+00 4.200000000000000000e+01 2.708143005371093750e+02
8.686000000000000000e+05 2.342777699232101440e-01 1.216705494379146171e-02 2.000000000000000000e+04 1.000000000000000000e+01 1.000000000000000000e+00 1.000000000000000000e+00 2.000000000000000000e+00 1.328156617270719320e+00 4.200000000000000000e+01 2.708143005371093750e+02
1.408870000000000000e+05 2.186688482761383057e-01 1.204081448992350145e-02 2.000000000000000000e+04 1.000000000000000000e+01 1.000000000000000000e+00 1.000000000000000000e+00 2.000000000000000000e+00 1.328156617270719320e+00 4.200000000000000000e+01 2.708143005371093750e+02
1.198204000000000000e+06 3.882395982742309570e+00 1.211655876224427761e-02 2.000000000000000000e+04 1.000000000000000000e+01 1.000000000000000000e+00 1.000000000000000000e+00 2.000000000000000000e+00 1.328156617270719320e+00 4.200000000000000000e+01 2.708143005371093750e+02
8.771830000000000000e+05 5.018169283866882324e-01 1.282350530390485507e-02 2.000000000000000000e+04 1.000000000000000000e+01 1.000000000000000000e+00 1.000000000000000000e+00 2.000000000000000000e+00 1.328156617270719320e+00 4.200000000000000000e+01 2.708143005371093750e+02
1.218577700000000000e+07 4.927871525287628174e-01 1.317697857473514381e-02 2.000000000000000000e+04 1.000000000000000000e+01 1.000000000000000000e+00 1.000000000000000000e+00 2.000000000000000000e+00 1.328156617270719320e+00 4.200000000000000000e+01 2.708143005371093750e+02
8.822490000000000000e+05 4.489364147186279297e+00 1.315173048396155175e-02 2.000000000000000000e+04 1.000000000000000000e+01 1.000000000000000000e+00 1.000000000000000000e+00 2.000000000000000000e+00 1.328156617270719320e+00 4.200000000000000000e+01 2.708143005371093750e+02
1.462851200000000000e+07 8.209901303052902222e-02 1.332846711937669612e-02 2.000000000000000000e+04 1.000000000000000000e+01 1.000000000000000000e+00 1.000000000000000000e+00 2.000000000000000000e+00 1.328156617270719320e+00 4.200000000000000000e+01 2.708143005371093750e+02
1.906135000000000000e+07 1.658895611763000488e-01 1.219230303456505377e-02 2.000000000000000000e+04 1.000000000000000000e+01 1.000000000000000000e+00 1.000000000000000000e+00 2.000000000000000000e+00 1.328156617270719320e+00 4.200000000000000000e+01 2.708143005371093750e+02
4.102390000000000000e+06 2.382695525884628296e-01 1.294974575777281534e-02 2.000000000000000000e+04 1.000000000000000000e+01 1.000000000000000000e+00 1.000000000000000000e+00 2.000000000000000000e+00 1.328156617270719320e+00 4.200000000000000000e+01 2.708143005371093750e+02
1.867000000000000000e+06 1.575339913368225098e+00 1.277300912235767097e-02 2.000000000000000000e+04 1.000000000000000000e+01 1.000000000000000000e+00 1.000000000000000000e+00 2.000000000000000000e+00 1.328156617270719320e+00 4.200000000000000000e+01 2.708143005371093750e+02
1.355802000000000000e+06 2.286086231470108032e-01 1.226804730688582992e-02 2.000000000000000000e+04 1.000000000000000000e+01 1.000000000000000000e+00 1.000000000000000000e+00 2.000000000000000000e+00 1.328156617270719320e+00 4.200000000000000000e+01 2.708143005371093750e+02
5.973715000000000000e+06 2.755117177963256836e+00 1.332846711937669612e-02 2.000000000000000000e+04 1.000000000000000000e+01 1.000000000000000000e+00 1.000000000000000000e+00 2.000000000000000000e+00 1.328156617270719320e+00 4.200000000000000000e+01 2.708143005371093750e+02
1.137132200000000000e+07 8.461757749319076538e-02 1.337896330092388023e-02 2.000000000000000000e+04 1.000000000000000000e+01 1.000000000000000000e+00 1.000000000000000000e+00 2.000000000000000000e+00 1.328156617270719320e+00 4.200000000000000000e+01 2.708143005371093750e+02
5.709884000000000000e+06 2.642067670822143555e+00 1.077840995124389883e-02 2.000000000000000000e+04 1.000000000000000000e+01 1.000000000000000000e+00 1.000000000000000000e+00 2.000000000000000000e+00 1.328156617270719320e+00 4.200000000000000000e+01 2.708143005371093750e+02
1.521957000000000000e+07 4.250981509685516357e-01 1.072791376969671473e-02 2.000000000000000000e+04 1.000000000000000000e+01 1.000000000000000000e+00 1.000000000000000000e+00 2.000000000000000000e+00 1.328156617270719320e+00 4.200000000000000000e+01 2.708143005371093750e+02
1.426838500000000000e+07 1.346158146858215332e+00 1.171258930986680477e-02 2.000000000000000000e+04 1.000000000000000000e+01 1.000000000000000000e+00 1.000000000000000000e+00 2.000000000000000000e+00 1.328156617270719320e+00 4.200000000000000000e+01 2.708143005371093750e+02
2.891879000000000000e+06 8.168182969093322754e-01 1.254577630539534250e-02 2.000000000000000000e+04 1.000000000000000000e+01 1.000000000000000000e+00 1.000000000000000000e+00 2.000000000000000000e+00 1.328156617270719320e+00 4.200000000000000000e+01 2.708143005371093750e+02
7.320760000000000000e+05 4.794130027294158936e-01 1.373243657175416896e-02 2.000000000000000000e+04 1.000000000000000000e+01 1.000000000000000000e+00 1.000000000000000000e+00 2.000000000000000000e+00 1.328156617270719320e+00 4.200000000000000000e+01 2.708143005371093750e+02
3.026043000000000000e+06 1.475484818220138550e-01 1.373243657175416896e-02 2.000000000000000000e+04 1.000000000000000000e+01 1.000000000000000000e+00 1.000000000000000000e+00 2.000000000000000000e+00 1.328156617270719320e+00 4.200000000000000000e+01 2.708143005371093750e+02
1.510886100000000000e+07 7.236059904098510742e-01 1.370718848098057691e-02 2.000000000000000000e+04 1.000000000000000000e+01 1.000000000000000000e+00 1.000000000000000000e+00 2.000000000000000000e+00 1.328156617270719320e+00 4.200000000000000000e+01 2.708143005371093750e+02
5.397532000000000000e+06 3.618988096714019775e-01 1.370718848098057691e-02 2.000000000000000000e+04 1.000000000000000000e+01 1.000000000000000000e+00 1.000000000000000000e+00 2.000000000000000000e+00 1.328156617270719320e+00 4.200000000000000000e+01 2.708143005371093750e+02
3.648630000000000000e+05 4.149961844086647034e-02 1.375768466252776101e-02 2.000000000000000000e+04 1.000000000000000000e+01 1.000000000000000000e+00 1.000000000000000000e+00 2.000000000000000000e+00 1.328156617270719320e+00 4.200000000000000000e+01 2.708143005371093750e+02
7.049949000000000000e+06 6.916728019714355469e-01 1.373243657175416896e-02 2.000000000000000000e+04 1.000000000000000000e+01 1.000000000000000000e+00 1.000000000000000000e+00 2.000000000000000000e+00 1.328156617270719320e+00 4.200000000000000000e+01 2.708143005371093750e+02
8.709464000000000000e+06 6.028878688812255859e-01 1.378293275330135306e-02 2.000000000000000000e+04 1.000000000000000000e+01 1.000000000000000000e+00 1.000000000000000000e+00 2.000000000000000000e+00 1.328156617270719320e+00 4.200000000000000000e+01 2.708143005371093750e+02
1.235270900000000000e+07 9.430922269821166992e-01 1.368194039020698485e-02 2.000000000000000000e+04 1.000000000000000000e+01 1.000000000000000000e+00 1.000000000000000000e+00 2.000000000000000000e+00 1.328156617270719320e+00 4.200000000000000000e+01 2.708143005371093750e+02
6.134914000000000000e+06 3.429469347000122070e+00 1.370718848098057691e-02 2.000000000000000000e+04 1.000000000000000000e+01 1.000000000000000000e+00 1.000000000000000000e+00 2.000000000000000000e+00 1.328156617270719320e+00 4.200000000000000000e+01 2.708143005371093750e+02
1.398116200000000000e+07 1.906686276197433472e-01 1.378293275330135306e-02 2.000000000000000000e+04 1.000000000000000000e+01 1.000000000000000000e+00 1.000000000000000000e+00 2.000000000000000000e+00 1.328156617270719320e+00 4.200000000000000000e+01 2.708143005371093750e+02
8.711348000000000000e+06 2.012656927108764648e+00 1.373243657175416896e-02 2.000000000000000000e+04 1.000000000000000000e+01 1.000000000000000000e+00 1.000000000000000000e+00 2.000000000000000000e+00 1.328156617270719320e+00 4.200000000000000000e+01 2.708143005371093750e+02
1.119273000000000000e+06 8.594680577516555786e-02 1.380818084407494512e-02 2.000000000000000000e+04 1.000000000000000000e+01 1.000000000000000000e+00 1.000000000000000000e+00 2.000000000000000000e+00 1.328156617270719320e+00 4.200000000000000000e+01 2.708143005371093750e+02
4.117138000000000000e+06 4.219546020030975342e-01 1.378293275330135306e-02 2.000000000000000000e+04 1.000000000000000000e+01 1.000000000000000000e+00 1.000000000000000000e+00 2.000000000000000000e+00 1.328156617270719320e+00 4.200000000000000000e+01 2.708143005371093750e+02
3.885557000000000000e+06 1.228341832756996155e-01 1.378293275330135306e-02 2.000000000000000000e+04 1.000000000000000000e+01 1.000000000000000000e+00 1.000000000000000000e+00 2.000000000000000000e+00 1.328156617270719320e+00 4.200000000000000000e+01 2.708143005371093750e+02
2.181018000000000000e+06 2.249648720026016235e-01 1.380818084407494512e-02 2.000000000000000000e+04 1.000000000000000000e+01 1.000000000000000000e+00 1.000000000000000000e+00 2.000000000000000000e+00 1.328156617270719320e+00 4.200000000000000000e+01 2.708143005371093750e+02
5.293857000000000000e+06 1.163084268569946289e+00 1.378293275330135306e-02 2.000000000000000000e+04 1.000000000000000000e+01 1.000000000000000000e+00 1.000000000000000000e+00 2.000000000000000000e+00 1.328156617270719320e+00 4.200000000000000000e+01 2.708143005371093750e+02
1.720598900000000000e+07 4.491741359233856201e-01 1.375768466252776101e-02 2.000000000000000000e+04 1.000000000000000000e+01 1.000000000000000000e+00 1.000000000000000000e+00 2.000000000000000000e+00 1.328156617270719320e+00 4.200000000000000000e+01 2.708143005371093750e+02
1.614621200000000000e+07 2.463432699441909790e-01 1.383342893484853717e-02 2.000000000000000000e+04 1.000000000000000000e+01 1.000000000000000000e+00 1.000000000000000000e+00 2.000000000000000000e+00 1.328156617270719320e+00 4.200000000000000000e+01 2.708143005371093750e+02
