# (0) ID (1) Max mass (2) seed formation time (3) GMC mass (4) GMC radius (5) GMC metallicity (6) ISRF (7) GMC virial parameter (8) GMC mass-to-flux ratio (9) seed (10) total stellar mass formed
# SFE: 0.013661
# IMF params: -1.81914 -1.58519 -1.35643 20.6323
# 
3.732950000000000000e+05 2.570878744125366211e+00 1.595426855983004405e-02 2.000000000000000000e+04 1.000000000000000000e+01 1.000000000000000000e+00 1.000000000000000000e+00 2.000000000000000000e+00 1.328156617270719320e+00 4.200000000000000000e+01 2.732197875976562500e+02
3.330260000000000000e+06 4.772495925426483154e-01 1.555029910745279673e-02 2.000000000000000000e+04 1.000000000000000000e+01 1.000000000000000000e+00 1.000000000000000000e+00 2.000000000000000000e+00 1.328156617270719320e+00 4.200000000000000000e+01 2.732197875976562500e+02
6.373977000000000000e+06 5.479998514056205750e-02 1.519682583662250799e-02 2.000000000000000000e+04 1.000000000000000000e+01 1.000000000000000000e+00 1.000000000000000000e+00 2.000000000000000000e+00 1.328156617270719320e+00 4.200000000000000000e+01 2.732197875976562500e+02
8.935010000000000000e+06 4.656969308853149414e-01 1.613100519524506699e-02 2.000000000000000000e+04 1.000000000000000000e+01 1.000000000000000000e+00 1.000000000000000000e+00 2.000000000000000000e+00 1.328156617270719320e+00 4.200000000000000000e+01 2.732197875976562500e+02
1.696799500000000000e+07 3.268885314464569092e-01 1.597951665060361875e-02 2.000000000000000000e+04 1.000000000000000000e+01 1.000000000000000000e+00 1.000000000000000000e+00 2.000000000000000000e+00 1.328156617270719320e+00 4.200000000000000000e+01 2.732197875976562500e+02
7.193041000000000000e+06 1.856989413499832153e-01 1.580278001518859582e-02 2.000000000000000000e+04 1.000000000000000000e+01 1.000000000000000000e+00 1.000000000000000000e+00 2.000000000000000000e+00 1.328156617270719320e+00 4.200000000000000000e+01 2.732197875976562500e+02
1.082012800000000000e+07 2.613678574562072754e-01 1.519682583662250799e-02 2.000000000000000000e+04 1.000000000000000000e+01 1.000000000000000000e+00 1.000000000000000000e+00 2.000000000000000000e+00 1.328156617270719320e+00 4.200000000000000000e+01 2.732197875976562500e+02
4.139044000000000000e+06 1.533263969421386719e+01 1.529781819971687620e-02 2.000000000000000000e+04 1.000000000000000000e+01 1.000000000000000000e+00 1.000000000000000000e+00 2.000000000000000000e+00 1.328156617270719320e+00 4.200000000000000000e+01 2.732197875976562500e+02
1.288452300000000000e+07 1.012049198150634766e+00 1.562604337977357288e-02 2.000000000000000000e+04 1.000000000000000000e+01 1.000000000000000000e+00 1.000000000000000000e+00 2.000000000000000000e+00 1.328156617270719320e+00 4.200000000000000000e+01 2.732197875976562500e+02
8.777539000000000000e+06 3.697269260883331299e-01 1.534831438126406031e-02 2.000000000000000000e+04 1.000000000000000000e+01 1.000000000000000000e+00 1.000000000000000000e+00 2.000000000000000000e+00 1.328156617270719320e+00 4.200000000000000000e+01 2.732197875976562500e+02
1.057649100000000000e+07 2.162171602249145508e-01 1.603001283215076817e-02 2.000000000000000000e+04 1.000000000000000000e+01 1.000000000000000000e+00 1.000000000000000000e+00 2.000000000000000000e+00 1.328156617270719320e+00 4.200000000000000000e+01 2.732197875976562500e+02
3.468360000000000000e+06 2.633957564830780029e-01 1.603001283215076817e-02 2.000000000000000000e+04 1.000000000000000000e+01 1.000000000000000000e+00 1.000000000000000000e+00 2.000000000000000000e+00 1.328156617270719320e+00 4.200000000000000000e+01 2.732197875976562500e+02
1.464397700000000000e+07 2.852699756622314453e+00 1.580278001518859582e-02 2.000000000000000000e+04 1.000000000000000000e+01 1.000000000000000000e+00 1.000000000000000000e+00 2.000000000000000000e+00 1.328156617270719320e+00 4.200000000000000000e+01 2.732197875976562500e+02
7.031215000000000000e+06 2.063234519958496094e+01 1.587852428750931993e-02 2.000000000000000000e+04 1.000000000000000000e+01 1.000000000000000000e+00 1.000000000000000000e+00 2.000000000000000000e+00 1.328156617270719320e+00 4.200000000000000000e+01 2.732197875976562500e+02
1.769497500000000000e+07 9.819842129945755005e-02 1.575228383364144641e-02 2.000000000000000000e+04 1.000000000000000000e+01 1.000000000000000000e+00 1.000000000000000000e+00 2.000000000000000000e+00 1.328156617270719320e+00 4.200000000000000000e+01 2.732197875976562500e+02
6.399422000000000000e+06 6.816623359918594360e-02 1.519682583662250799e-02 2.000000000000000000e+04 1.000000000000000000e+01 1.000000000000000000e+00 1.000000000000000000e+00 2.000000000000000000e+00 1.328156617270719320e+00 4.200000000000000000e+01 2.732197875976562500e+02
1.125753500000000000e+07 3.516673445701599121e-01 1.562604337977357288e-02 2.000000000000000000e+04 1.000000000000000000e+01 1.000000000000000000e+00 1.000000000000000000e+00 2.000000000000000000e+00 1.328156617270719320e+00 4.200000000000000000e+01 2.732197875976562500e+02
2.824347000000000000e+06 2.920809745788574219e+00 1.385867702562212922e-02 2.000000000000000000e+04 1.000000000000000000e+01 1.000000000000000000e+00 1.000000000000000000e+00 2.000000000000000000e+00 1.328156617270719320e+00 4.200000000000000000e+01 2.732197875976562500e+02
1.025186000000000000e+06 2.377959728240966797e+00 1.557554719822638878e-02 2.000000000000000000e+04 1.000000000000000000e+01 1.000000000000000000e+00 1.000000000000000000e+00 2.000000000000000000e+00 1.328156617270719320e+00 4.200000000000000000e+01 2.732197875976562500e+02
1.615008000000000000e+06 9.223790168762207031e-01 1.615625328601864169e-02 2.000000000000000000e+04 1.000000000000000000e+01 1.000000000000000000e+00 1.000000000000000000e+00 2.000000000000000000e+00 1.328156617270719320e+00 4.200000000000000000e+01 2.732197875976562500e+02
5.466625000000000000e+06 1.225199103355407715e+00 1.592902046905646934e-02 2.000000000000000000e+04 1.000000000000000000e+01 1.000000000000000000e+00 1.000000000000000000e+00 2.000000000000000000e+00 1.328156617270719320e+00 4.200000000000000000e+01 2.732197875976562500e+02
1.510193500000000000e+07 1.276366114616394043e+00 1.587852428750931993e-02 2.000000000000000000e+04 1.000000000000000000e+01 1.000000000000000000e+00 1.000000000000000000e+00 2.000000000000000000e+00 1.328156617270719320e+00 4.200000000000000000e+01 2.732197875976562500e+02
2.993803000000000000e+06 1.148409366607666016e+00 1.514632965507532389e-02 2.000000000000000000e+04 1.000000000000000000e+01 1.000000000000000000e+00 1.000000000000000000e+00 2.000000000000000000e+00 1.328156617270719320e+00 4.200000000000000000e+01 2.732197875976562500e+02
3.691900000000000000e+06 1.397799253463745117e-01 1.527257010894328415e-02 2.000000000000000000e+04 1.000000000000000000e+01 1.000000000000000000e+00 1.000000000000000000e+00 2.000000000000000000e+00 1.328156617270719320e+00 4.200000000000000000e+01 2.732197875976562500e+02
8.726810000000000000e+05 9.035585075616836548e-02 1.605526092292434287e-02 2.000000000000000000e+04 1.000000000000000000e+01 1.000000000000000000e+00 1.000000000000000000e+00 2.000000000000000000e+00 1.328156617270719320e+00 4.200000000000000000e+01 2.732197875976562500e+02
6.574336000000000000e+06 6.039703637361526489e-02 1.585327619673574523e-02 2.000000000000000000e+04 1.000000000000000000e+01 1.000000000000000000e+00 1.000000000000000000e+00 2.000000000000000000e+00 1.328156617270719320e+00 4.200000000000000000e+01 2.732197875976562500e+02
2.008650000000000000e+06 6.147976875305175781e+00 1.572703574286787170e-02 2.000000000000000000e+04 1.000000000000000000e+01 1.000000000000000000e+00 1.000000000000000000e+00 2.000000000000000000e+00 1.328156617270719320e+00 4.200000000000000000e+01 2.732197875976562500e+02
1.681037800000000000e+07 2.545069158077239990e-01 1.597951665060361875e-02 2.000000000000000000e+04 1.000000000000000000e+01 1.000000000000000000e+00 1.000000000000000000e+00 2.000000000000000000e+00 1.328156617270719320e+00 4.200000000000000000e+01 2.732197875976562500e+02
9.991955000000000000e+06 2.102674990892410278e-01 1.597951665060361875e-02 2.000000000000000000e+04 1.000000000000000000e+01 1.000000000000000000e+00 1.000000000000000000e+00 2.000000000000000000e+00 1.328156617270719320e+00 4.200000000000000000e+01 2.732197875976562500e+02
1.053552500000000000e+07 1.306743717193603516e+01 1.597951665060361875e-02 2.000000000000000000e+04 1.000000000000000000e+01 1.000000000000000000e+00 1.000000000000000000e+00 2.000000000000000000e+00 1.328156617270719320e+00 4.200000000000000000e+01 2.732197875976562500e+02
1.065291000000000000e+06 5.869381427764892578e-01 1.577753192441502111e-02 2.000000000000000000e+04 1.000000000000000000e+01 1.000000000000000000e+00 1.000000000000000000e+00 2.000000000000000000e+00 1.328156617270719320e+00 4.200000000000000000e+01 2.732197875976562500e+02
1.403803700000000000e+07 1.396389454603195190e-01 1.512108156430173184e-02 2.000000000000000000e+04 1.000000000000000000e+01 1.000000000000000000e+00 1.000000000000000000e+00 2.000000000000000000e+00 1.328156617270719320e+00 4.200000000000000000e+01 2.732197875976562500e+02
1.063105000000000000e+06 1.828972548246383667e-01 1.466661593037707489e-02 2.000000000000000000e+04 1.000000000000000000e+01 1.000000000000000000e+00 1.000000000000000000e+00 2.000000000000000000e+00 1.328156617270719320e+00 4.200000000000000000e+01 2.732197875976562500e+02
4.141393000000000000e+06 4.633865058422088623e-01 1.537356247203765236e-02 2.000000000000000000e+04 1.000000000000000000e+01 1.000000000000000000e+00 1.000000000000000000e+00 2.000000000000000000e+00 1.328156617270719320e+00 4.200000000000000000e+01 2.732197875976562500e+02
4.528320000000000000e+06 1.092268466949462891e+00 1.580278001518859582e-02 2.000000000000000000e+04 1.000000000000000000e+01 1.000000000000000000e+00 1.000000000000000000e+00 2.000000000000000000e+00 1.328156617270719320e+00 4.200000000000000000e+01 2.732197875976562500e+02
3.281826000000000000e+06 1.940248012542724609e+00 1.582802810596217052e-02 2.000000000000000000e+04 1.000000000000000000e+01 1.000000000000000000e+00 1.000000000000000000e+00 2.000000000000000000e+00 1.328156617270719320e+00 4.200000000000000000e+01 2.732197875976562500e+02
6.884268000000000000e+06 3.639864325523376465e-01 1.590377237828289464e-02 2.000000000000000000e+04 1.000000000000000000e+01 1.000000000000000000e+00 1.000000000000000000e+00 2.000000000000000000e+00 1.328156617270719320e+00 4.200000000000000000e+01 2.732197875976562500e+02
5.883064000000000000e+06 3.755888938903808594e+00 1.613100519524506699e-02 2.000000000000000000e+04 1.000000000000000000e+01 1.000000000000000000e+00 1.000000000000000000e+00 2.000000000000000000e+00 1.328156617270719320e+00 4.200000000000000000e+01 2.732197875976562500e+02
1.227214500000000000e+07 4.598875343799591064e-01 1.517157774584891594e-02 2.000000000000000000e+04 1.000000000000000000e+01 1.000000000000000000e+00 1.000000000000000000e+00 2.000000000000000000e+00 1.328156617270719320e+00 4.200000000000000000e+01 2.732197875976562500e+02
4.884136000000000000e+06 8.559713512659072876e-02 1.519682583662250799e-02 2.000000000000000000e+04 1.000000000000000000e+01 1.000000000000000000e+00 1.000000000000000000e+00 2.000000000000000000e+00 1.328156617270719320e+00 4.200000000000000000e+01 2.732197875976562500e+02
6.629144000000000000e+06 2.232880592346191406e-01 1.587852428750931993e-02 2.000000000000000000e+04 1.000000000000000000e+01 1.000000000000000000e+00 1.000000000000000000e+00 2.000000000000000000e+00 1.328156617270719320e+00 4.200000000000000000e+01 2.732197875976562500e+02
6.495327000000000000e+06 1.189883649349212646e-01 1.555029910745279673e-02 2.000000000000000000e+04 1.000000000000000000e+01 1.000000000000000000e+00 1.000000000000000000e+00 2.000000000000000000e+00 1.328156617270719320e+00 4.200000000000000000e+01 2.732197875976562500e+02
3.981951000000000000e+06 3.574796915054321289e-01 1.519682583662250799e-02 2.000000000000000000e+04 1.000000000000000000e+01 1.000000000000000000e+00 1.000000000000000000e+00 2.000000000000000000e+00 1.328156617270719320e+00 4.200000000000000000e+01 2.732197875976562500e+02
5.367734000000000000e+06 9.805659204721450806e-02 1.575228383364144641e-02 2.000000000000000000e+04 1.000000000000000000e+01 1.000000000000000000e+00 1.000000000000000000e+00 2.000000000000000000e+00 1.328156617270719320e+00 4.200000000000000000e+01 2.732197875976562500e+02
4.057090000000000000e+05 6.828560352325439453e+00 1.570178765209429700e-02 2.000000000000000000e+04 1.000000000000000000e+01 1.000000000000000000e+00 1.000000000000000000e+00 2.000000000000000000e+00 1.328156617270719320e+00 4.200000000000000000e+01 2.732197875976562500e+02
1.703621700000000000e+07 6.665317535400390625e+00 1.486860065656581131e-02 2.000000000000000000e+04 1.000000000000000000e+01 1.000000000000000000e+00 1.000000000000000000e+00 2.000000000000000000e+00 1.328156617270719320e+00 4.200000000000000000e+01 2.732197875976562500e+02
1.370770000000000000e+07 6.105263829231262207e-01 1.504533729198095568e-02 2.000000000000000000e+04 1.000000000000000000e+01 1.000000000000000000e+00 1.000000000000000000e+00 2.000000000000000000e+00 1.328156617270719320e+00 4.200000000000000000e+01 2.732197875976562500e+02
3.973049000000000000e+06 1.697559356689453125e+00 1.608050901369791758e-02 2.000000000000000000e+04 1.000000000000000000e+01 1.000000000000000000e+00 1.000000000000000000e+00 2.000000000000000000e+00 1.328156617270719320e+00 4.200000000000000000e+01 2.732197875976562500e+02
6.258920000000000000e+05 5.244287252426147461e-01 1.570178765209429700e-02 2.000000000000000000e+04 1.000000000000000000e+01 1.000000000000000000e+00 1.000000000000000000e+00 2.000000000000000000e+00 1.328156617270719320e+00 4.200000000000000000e+01 2.732197875976562500e+02
2.499746000000000000e+06 2.346738815307617188e+00 1.565129147054714759e-02 2.000000000000000000e+04 1.000000000000000000e+01 1.000000000000000000e+00 1.000000000000000000e+00 2.000000000000000000e+00 1.328156617270719320e+00 4.200000000000000000e+01 2.732197875976562500e+02
8.516450000000000000e+05 1.180107593536376953e+01 1.562604337977357288e-02 2.000000000000000000e+04 1.000000000000000000e+01 1.000000000000000000e+00 1.000000000000000000e+00 2.000000000000000000e+00 1.328156617270719320e+00 4.200000000000000000e+01 2.732197875976562500e+02
1.467656900000000000e+07 9.084458947181701660e-01 1.532306629049046826e-02 2.000000000000000000e+04 1.000000000000000000e+01 1.000000000000000000e+00 1.000000000000000000e+00 2.000000000000000000e+00 1.328156617270719320e+00 4.200000000000000000e+01 2.732197875976562500e+02
6.070622000000000000e+06 3.870183229446411133e-01 1.565129147054714759e-02 2.000000000000000000e+04 1.000000000000000000e+01 1.000000000000000000e+00 1.000000000000000000e+00 2.000000000000000000e+00 1.328156617270719320e+00 4.200000000000000000e+01 2.732197875976562500e+02
4.900730000000000000e+05 1.339690983295440674e-01 1.580278001518859582e-02 2.000000000000000000e+04 1.000000000000000000e+01 1.000000000000000000e+00 1.000000000000000000e+00 2.000000000000000000e+00 1.328156617270719320e+00 4.200000000000000000e+01 2.732197875976562500e+02
1.468171000000000000e+06 1.945855915546417236e-01 1.572703574286787170e-02 2.000000000000000000e+04 1.000000000000000000e+01 1.000000000000000000e+00 1.000000000000000000e+00 2.000000000000000000e+00 1.328156617270719320e+00 4.200000000000000000e+01 2.732197875976562500e+02
8.780177000000000000e+06 1.144835352897644043e+00 1.557554719822638878e-02 2.000000000000000000e+04 1.000000000000000000e+01 1.000000000000000000e+00 1.000000000000000000e+00 2.000000000000000000e+00 1.328156617270719320e+00 4.200000000000000000e+01 2.732197875976562500e+02
8.814611000000000000e+06 5.763647556304931641e+00 1.448987929496193053e-02 2.000000000000000000e+04 1.000000000000000000e+01 1.000000000000000000e+00 1.000000000000000000e+00 2.000000000000000000e+00 1.328156617270719320e+00 4.200000000000000000e+01 2.732197875976562500e+02
4.233213000000000000e+06 3.051776885986328125e+00 1.534831438126406031e-02 2.000000000000000000e+04 1.000000000000000000e+01 1.000000000000000000e+00 1.000000000000000000e+00 2.000000000000000000e+00 1.328156617270719320e+00 4.200000000000000000e+01 2.732197875976562500e+02
1.577406300000000000e+07 1.739332079887390137e-01 1.514632965507532389e-02 2.000000000000000000e+04 1.000000000000000000e+01 1.000000000000000000e+00 1.000000000000000000e+00 2.000000000000000000e+00 1.328156617270719320e+00 4.200000000000000000e+01 2.732197875976562500e+02
1.105426300000000000e+07 4.070837020874023438e+00 1.517157774584891594e-02 2.000000000000000000e+04 1.000000000000000000e+01 1.000000000000000000e+00 1.000000000000000000e+00 2.000000000000000000e+00 1.328156617270719320e+00 4.200000000000000000e+01 2.732197875976562500e+02
4.259210000000000000e+05 4.647878706455230713e-01 1.522207392739610005e-02 2.000000000000000000e+04 1.000000000000000000e+01 1.000000000000000000e+00 1.000000000000000000e+00 2.000000000000000000e+00 1.328156617270719320e+00 4.200000000000000000e+01 2.732197875976562500e+02
3.049615000000000000e+06 9.206961989402770996e-01 1.517157774584891594e-02 2.000000000000000000e+04 1.000000000000000000e+01 1.000000000000000000e+00 1.000000000000000000e+00 2.000000000000000000e+00 1.328156617270719320e+00 4.200000000000000000e+01 2.732197875976562500e+02
8.937606000000000000e+06 4.208974242210388184e-01 1.532306629049046826e-02 2.000000000000000000e+04 1.000000000000000000e+01 1.000000000000000000e+00 1.000000000000000000e+00 2.000000000000000000e+00 1.328156617270719320e+00 4.200000000000000000e+01 2.732197875976562500e+02
1.556887100000000000e+07 3.496380448341369629e-01 1.582802810596217052e-02 2.000000000000000000e+04 1.000000000000000000e+01 1.000000000000000000e+00 1.000000000000000000e+00 2.000000000000000000e+00 1.328156617270719320e+00 4.200000000000000000e+01 2.732197875976562500e+02
6.798103000000000000e+06 9.679944068193435669e-02 1.608050901369791758e-02 2.000000000000000000e+04 1.000000000000000000e+01 1.000000000000000000e+00 1.000000000000000000e+00 2.000000000000000000e+00 1.328156617270719320e+00 4.200000000000000000e+01 2.732197875976562500e+02
9.788846000000000000e+06 1.387971639633178711e-01 1.572703574286787170e-02 2.000000000000000000e+04 1.000000000000000000e+01 1.000000000000000000e+00 1.000000000000000000e+00 2.000000000000000000e+00 1.328156617270719320e+00 4.200000000000000000e+01 2.732197875976562500e+02
6.393320000000000000e+06 5.963889956474304199e-01 1.539881056281124441e-02 2.000000000000000000e+04 1.000000000000000000e+01 1.000000000000000000e+00 1.000000000000000000e+00 2.000000000000000000e+00 1.328156617270719320e+00 4.200000000000000000e+01 2.732197875976562500e+02
1.790699400000000000e+07 1.508238792419433594e+01 1.549980292590561262e-02 2.000000000000000000e+04 1.000000000000000000e+01 1.000000000000000000e+00 1.000000000000000000e+00 2.000000000000000000e+00 1.328156617270719320e+00 4.200000000000000000e+01 2.732197875976562500e+02
4.908948000000000000e+06 3.266794085502624512e-01 1.519682583662250799e-02 2.000000000000000000e+04 1.000000000000000000e+01 1.000000000000000000e+00 1.000000000000000000e+00 2.000000000000000000e+00 1.328156617270719320e+00 4.200000000000000000e+01 2.732197875976562500e+02
4.521830000000000000e+05 5.330349445343017578e+00 1.504533729198095568e-02 2.000000000000000000e+04 1.000000000000000000e+01 1.000000000000000000e+00 1.000000000000000000e+00 2.000000000000000000e+00 1.328156617270719320e+00 4.200000000000000000e+01 2.732197875976562500e+02
5.415931000000000000e+06 3.785479962825775146e-01 1.481810447501862721e-02 2.000000000000000000e+04 1.000000000000000000e+01 1.000000000000000000e+00 1.000000000000000000e+00 2.000000000000000000e+00 1.328156617270719320e+00 4.200000000000000000e+01 2.732197875976562500e+02
1.509527600000000000e+07 6.503580808639526367e-01 1.575228383364144641e-02 2.000000000000000000e+04 1.000000000000000000e+01 1.000000000000000000e+00 1.000000000000000000e+00 2.000000000000000000e+00 1.328156617270719320e+00 4.200000000000000000e+01 2.732197875976562500e+02
8.373750000000000000e+05 5.038467645645141602e-01 1.524732201816969210e-02 2.000000000000000000e+04 1.000000000000000000e+01 1.000000000000000000e+00 1.000000000000000000e+00 2.000000000000000000e+00 1.328156617270719320e+00 4.200000000000000000e+01 2.732197875976562500e+02
2.490318000000000000e+06 1.024670600891113281e-01 1.600476474137719346e-02 2.000000000000000000e+04 1.000000000000000000e+01 1.000000000000000000e+00 1.000000000000000000e+00 2.000000000000000000e+00 1.328156617270719320e+00 4.200000000000000000e+01 2.732197875976562500e+02
4.462519000000000000e+06 1.159749627113342285e+00 1.433839075032037821e-02 2.000000000000000000e+04 1.000000000000000000e+01 1.000000000000000000e+00 1.000000000000000000e+00 2.000000000000000000e+00 1.328156617270719320e+00 4.200000000000000000e+01 2.732197875976562500e+02
3.441634000000000000e+06 3.973679542541503906e+00 1.597951665060361875e-02 2.000000000000000000e+04 1.000000000000000000e+01 1.000000000000000000e+00 1.000000000000000000e+00 2.000000000000000000e+00 1.328156617270719320e+00 4.200000000000000000e+01 2.732197875976562500e+02
7.394324000000000000e+06 1.602919220924377441e+00 1.595426855983004405e-02 2.000000000000000000e+04 1.000000000000000000e+01 1.000000000000000000e+00 1.000000000000000000e+00 2.000000000000000000e+00 1.328156617270719320e+00 4.200000000000000000e+01 2.732197875976562500e+02
5.655970000000000000e+05 4.568077623844146729e-01 1.459087165805629874e-02 2.000000000000000000e+04 1.000000000000000000e+01 1.000000000000000000e+00 1.000000000000000000e+00 2.000000000000000000e+00 1.328156617270719320e+00 4.200000000000000000e+01 2.732197875976562500e+02
3.049952000000000000e+06 2.963690757751464844e-01 1.547455483513202057e-02 2.000000000000000000e+04 1.000000000000000000e+01 1.000000000000000000e+00 1.000000000000000000e+00 2.000000000000000000e+00 1.328156617270719320e+00 4.200000000000000000e+01 2.732197875976562500e+02
7.026849000000000000e+06 5.305709838867187500e+00 1.519682583662250799e-02 2.000000000000000000e+04 1.000000000000000000e+01 1.000000000000000000e+00 1.000000000000000000e+00 2.000000000000000000e+00 1.328156617270719320e+00 4.200000000000000000e+01 2.732197875976562500e+02
6.821151000000000000e+06 9.132797718048095703e-01 1.519682583662250799e-02 2.000000000000000000e+04 1.000000000000000000e+01 1.000000000000000000e+00 1.000000000000000000e+00 2.000000000000000000e+00 1.328156617270719320e+00 4.200000000000000000e+01 2.732197875976562500e+02
5.734854000000000000e+06 1.680590510368347168e-01 1.522207392739610005e-02 2.000000000000000000e+04 1.000000000000000000e+01 1.000000000000000000e+00 1.000000000000000000e+00 2.000000000000000000e+00 1.328156617270719320e+00 4.200000000000000000e+01 2.732197875976562500e+02
8.266481000000000000e+06 3.169715031981468201e-02 1.519682583662250799e-02 2.000000000000000000e+04 1.000000000000000000e+01 1.000000000000000000e+00 1.000000000000000000e+00 2.000000000000000000e+00 1.328156617270719320e+00 4.200000000000000000e+01 2.732197875976562500e+02
1.703599500000000000e+07 3.623781502246856689e-01 1.595426855983004405e-02 2.000000000000000000e+04 1.000000000000000000e+01 1.000000000000000000e+00 1.000000000000000000e+00 2.000000000000000000e+00 1.328156617270719320e+00 4.200000000000000000e+01 2.732197875976562500e+02
1.744213200000000000e+07 1.807289123535156250e-01 1.544930674435842852e-02 2.000000000000000000e+04 1.000000000000000000e+01 1.000000000000000000e+00 1.000000000000000000e+00 2.000000000000000000e+00 1.328156617270719320e+00 4.200000000000000000e+01 2.732197875976562500e+02
2.042676000000000000e+06 4.255360126495361328e+00 1.600476474137719346e-02 2.000000000000000000e+04 1.000000000000000000e+01 1.000000000000000000e+00 1.000000000000000000e+00 2.000000000000000000e+00 1.328156617270719320e+00 4.200000000000000000e+01 2.732197875976562500e+02
7.980900000000000000e+05 9.766264557838439941e-01 1.582802810596217052e-02 2.000000000000000000e+04 1.000000000000000000e+01 1.000000000000000000e+00 1.000000000000000000e+00 2.000000000000000000e+00 1.328156617270719320e+00 4.200000000000000000e+01 2.732197875976562500e+02
4.780117000000000000e+06 1.030097675323486328e+01 1.393442129794290538e-02 2.000000000000000000e+04 1.000000000000000000e+01 1.000000000000000000e+00 1.000000000000000000e+00 2.000000000000000000e+00 1.328156617270719320e+00 4.200000000000000000e+01 2.732197875976562500e+02
6.280018000000000000e+06 3.237486839294433594e+00 1.428789456877319411e-02 2.000000000000000000e+04 1.000000000000000000e+01 1.000000000000000000e+00 1.000000000000000000e+00 2.000000000000000000e+00 1.328156617270719320e+00 4.200000000000000000e+01 2.732197875976562500e+02
1.482539000000000000e+06 8.308874964714050293e-01 1.534831438126406031e-02 2.000000000000000000e+04 1.000000000000000000e+01 1.000000000000000000e+00 1.000000000000000000e+00 2.000000000000000000e+00 1.328156617270719320e+00 4.200000000000000000e+01 2.732197875976562500e+02
1.688384000000000000e+06 2.987460792064666748e-01 1.547455483513202057e-02 2.000000000000000000e+04 1.000000000000000000e+01 1.000000000000000000e+00 1.000000000000000000e+00 2.000000000000000000e+00 1.328156617270719320e+00 4.200000000000000000e+01 2.732197875976562500e+02
6.786345000000000000e+06 1.026072651147842407e-01 1.600476474137719346e-02 2.000000000000000000e+04 1.000000000000000000e+01 1.000000000000000000e+00 1.000000000000000000e+00 2.000000000000000000e+00 1.328156617270719320e+00 4.200000000000000000e+01 2.732197875976562500e+02
8.989910000000000000e+05 1.556683927774429321e-01 1.605526092292434287e-02 2.000000000000000000e+04 1.000000000000000000e+01 1.000000000000000000e+00 1.000000000000000000e+00 2.000000000000000000e+00 1.328156617270719320e+00 4.200000000000000000e+01 2.732197875976562500e+02
2.143763000000000000e+06 2.699770927429199219e-01 1.590377237828289464e-02 2.000000000000000000e+04 1.000000000000000000e+01 1.000000000000000000e+00 1.000000000000000000e+00 2.000000000000000000e+00 1.328156617270719320e+00 4.200000000000000000e+01 2.732197875976562500e+02
1.125741400000000000e+07 2.906971275806427002e-01 1.547455483513202057e-02 2.000000000000000000e+04 1.000000000000000000e+01 1.000000000000000000e+00 1.000000000000000000e+00 2.000000000000000000e+00 1.328156617270719320e+00 4.200000000000000000e+01 2.732197875976562500e+02
1.279780300000000000e+07 5.587959885597229004e-01 1.605526092292434287e-02 2.000000000000000000e+04 1.000000000000000000e+01 1.000000000000000000e+00 1.000000000000000000e+00 2.000000000000000000e+00 1.328156617270719320e+00 4.200000000000000000e+01 2.732197875976562500e+02
1.067180500000000000e+07 3.793217182159423828e+00 1.393442129794290538e-02 2.000000000000000000e+04 1.000000000000000000e+01 1.000000000000000000e+00 1.000000000000000000e+00 2.000000000000000000e+00 1.328156617270719320e+00 4.200000000000000000e+01 2.732197875976562500e+02
2.959623000000000000e+06 3.292665779590606689e-01 1.507058538275454773e-02 2.000000000000000000e+04 1.000000000000000000e+01 1.000000000000000000e+00 1.000000000000000000e+00 2.000000000000000000e+00 1.328156617270719320e+00 4.200000000000000000e+01 2.732197875976562500e+02
7.245850000000000000e+05 3.362158775329589844e+00 1.613100519524506699e-02 2.000000000000000000e+04 1.000000000000000000e+01 1.000000000000000000e+00 1.000000000000000000e+00 2.000000000000000000e+00 1.328156617270719320e+00 4.200000000000000000e+01 2.732197875976562500e+02
4.287334000000000000e+06 6.821380853652954102e-01 1.557554719822638878e-02 2.000000000000000000e+04 1.000000000000000000e+01 1.000000000000000000e+00 1.000000000000000000e+00 2.000000000000000000e+00 1.328156617270719320e+00 4.200000000000000000e+01 2.732197875976562500e+02
1.853614000000000000e+07 3.812539815902709961e+00 1.436363884109397027e-02 2.000000000000000000e+04 1.000000000000000000e+01 1.000000000000000000e+00 1.000000000000000000e+00 2.000000000000000000e+00 1.328156617270719320e+00 4.200000000000000000e+01 2.732197875976562500e+02
2.465630000000000000e+05 8.339669704437255859e-01 1.640873419375438874e-02 2.000000000000000000e+04 1.000000000000000000e+01 1.000000000000000000e+00 1.000000000000000000e+00 2.000000000000000000e+00 1.328156617270719320e+00 4.200000000000000000e+01 2.732197875976562500e+02
7.467871000000000000e+06 4.225959777832031250e+00 1.630774183066008992e-02 2.000000000000000000e+04 1.000000000000000000e+01 1.000000000000000000e+00 1.000000000000000000e+00 2.000000000000000000e+00 1.328156617270719320e+00 4.200000000000000000e+01 2.732197875976562500e+02
1.011999200000000000e+07 1.143683493137359619e-01 1.628249373988651522e-02 2.000000000000000000e+04 1.000000000000000000e+01 1.000000000000000000e+00 1.000000000000000000e+00 2.000000000000000000e+00 1.328156617270719320e+00 4.200000000000000000e+01 2.732197875976562500e+02
1.683772400000000000e+07 4.509388446807861328e+00 1.620674946756579110e-02 2.000000000000000000e+04 1.000000000000000000e+01 1.000000000000000000e+00 1.000000000000000000e+00 2.000000000000000000e+00 1.328156617270719320e+00 4.200000000000000000e+01 2.732197875976562500e+02
7.994560000000000000e+06 1.175778508186340332e+00 1.618150137679221640e-02 2.000000000000000000e+04 1.000000000000000000e+01 1.000000000000000000e+00 1.000000000000000000e+00 2.000000000000000000e+00 1.328156617270719320e+00 4.200000000000000000e+01 2.732197875976562500e+02
5.451736000000000000e+06 1.506261825561523438e-01 1.620674946756579110e-02 2.000000000000000000e+04 1.000000000000000000e+01 1.000000000000000000e+00 1.000000000000000000e+00 2.000000000000000000e+00 1.328156617270719320e+00 4.200000000000000000e+01 2.732197875976562500e+02
2.985407000000000000e+06 2.057876139879226685e-01 1.628249373988651522e-02 2.000000000000000000e+04 1.000000000000000000e+01 1.000000000000000000e+00 1.000000000000000000e+00 2.000000000000000000e+00 1.328156617270719320e+00 4.200000000000000000e+01 2.732197875976562500e+02
4.209040000000000000e+06 5.374708771705627441e-02 1.620674946756579110e-02 2.000000000000000000e+04 1.000000000000000000e+01 1.000000000000000000e+00 1.000000000000000000e+00 2.000000000000000000e+00 1.328156617270719320e+00 4.200000000000000000e+01 2.732197875976562500e+02
1.362669500000000000e+07 7.094375491142272949e-01 1.640873419375438874e-02 2.000000000000000000e+04 1.000000000000000000e+01 1.000000000000000000e+00 1.000000000000000000e+00 2.000000000000000000e+00 1.328156617270719320e+00 4.200000000000000000e+01 2.732197875976562500e+02
4.828903000000000000e+06 3.428463637828826904e-01 1.618150137679221640e-02 2.000000000000000000e+04 1.000000000000000000e+01 1.000000000000000000e+00 1.000000000000000000e+00 2.000000000000000000e+00 1.328156617270719320e+00 4.200000000000000000e+01 2.732197875976562500e+02
1.986565300000000000e+07 1.191949129104614258e+00 1.620674946756579110e-02 2.000000000000000000e+04 1.000000000000000000e+01 1.000000000000000000e+00 1.000000000000000000e+00 2.000000000000000000e+00 1.328156617270719320e+00 4.200000000000000000e+01 2.732197875976562500e+02
1.767886600000000000e+07 6.739848107099533081e-02 1.623199755833936581e-02 2.000000000000000000e+04 1.000000000000000000e+01 1.000000000000000000e+00 1.000000000000000000e+00 2.000000000000000000e+00 1.328156617270719320e+00 4.200000000000000000e+01 2.732197875976562500e+02
2.486484000000000000e+06 4.395175278186798096e-01 1.635823801220723933e-02 2.000000000000000000e+04 1.000000000000000000e+01 1.000000000000000000e+00 1.000000000000000000e+00 2.000000000000000000e+00 1.328156617270719320e+00 4.200000000000000000e+01 2.732197875976562500e+02
1.271295500000000000e+07 8.456587195396423340e-01 1.630774183066008992e-02 2.000000000000000000e+04 1.000000000000000000e+01 1.000000000000000000e+00 1.000000000000000000e+00 2.000000000000000000e+00 1.328156617270719320e+00 4.200000000000000000e+01 2.732197875976562500e+02
5.282865000000000000e+06 9.733386039733886719e-01 1.623199755833936581e-02 2.000000000000000000e+04 1.000000000000000000e+01 1.000000000000000000e+00 1.000000000000000000e+00 2.000000000000000000e+00 1.328156617270719320e+00 4.200000000000000000e+01 2.732197875976562500e+02
5.844388000000000000e+06 1.838756352663040161e-01 1.628249373988651522e-02 2.000000000000000000e+04 1.000000000000000000e+01 1.000000000000000000e+00 1.000000000000000000e+00 2.000000000000000000e+00 1.328156617270719320e+00 4.200000000000000000e+01 2.732197875976562500e+02
4.580414000000000000e+06 2.060687392950057983e-01 1.628249373988651522e-02 2.000000000000000000e+04 1.000000000000000000e+01 1.000000000000000000e+00 1.000000000000000000e+00 2.000000000000000000e+00 1.328156617270719320e+00 4.200000000000000000e+01 2.732197875976562500e+02
1.904001800000000000e+07 1.435556411743164062e-01 1.628249373988651522e-02 2.000000000000000000e+04 1.000000000000000000e+01 1.000000000000000000e+00 1.000000000000000000e+00 2.000000000000000000e+00 1.328156617270719320e+00 4.200000000000000000e+01 2.732197875976562500e+02
7.878300000000000000e+06 3.323420286178588867e-01 1.623199755833936581e-02 2.000000000000000000e+04 1.000000000000000000e+01 1.000000000000000000e+00 1.000000000000000000e+00 2.000000000000000000e+00 1.328156617270719320e+00 4.200000000000000000e+01 2.732197875976562500e+02
3.030839000000000000e+06 5.038459300994873047e-01 1.618150137679221640e-02 2.000000000000000000e+04 1.000000000000000000e+01 1.000000000000000000e+00 1.000000000000000000e+00 2.000000000000000000e+00 1.328156617270719320e+00 4.200000000000000000e+01 2.732197875976562500e+02
1.729043100000000000e+07 3.131686151027679443e-01 1.633298992143366463e-02 2.000000000000000000e+04 1.000000000000000000e+01 1.000000000000000000e+00 1.000000000000000000e+00 2.000000000000000000e+00 1.328156617270719320e+00 4.200000000000000000e+01 2.732197875976562500e+02
5.928698000000000000e+06 1.898999363183975220e-01 1.640873419375438874e-02 2.000000000000000000e+04 1.000000000000000000e+01 1.000000000000000000e+00 1.000000000000000000e+00 2.000000000000000000e+00 1.328156617270719320e+00 4.200000000000000000e+01 2.732197875976562500e+02
5.096730000000000000e+06 2.140659332275390625e+00 1.623199755833936581e-02 2.000000000000000000e+04 1.000000000000000000e+01 1.000000000000000000e+00 1.000000000000000000e+00 2.000000000000000000e+00 1.328156617270719320e+00 4.200000000000000000e+01 2.732197875976562500e+02
7.506372000000000000e+06 1.277729701995849609e+01 1.628249373988651522e-02 2.000000000000000000e+04 1.000000000000000000e+01 1.000000000000000000e+00 1.000000000000000000e+00 2.000000000000000000e+00 1.328156617270719320e+00 4.200000000000000000e+01 2.732197875976562500e+02
1.355873000000000000e+06 3.289355516433715820e+00 1.628249373988651522e-02 2.000000000000000000e+04 1.000000000000000000e+01 1.000000000000000000e+00 1.000000000000000000e+00 2.000000000000000000e+00 1.328156617270719320e+00 4.200000000000000000e+01 2.732197875976562500e+02
5.147588000000000000e+06 1.869580596685409546e-01 1.625724564911294051e-02 2.000000000000000000e+04 1.000000000000000000e+01 1.000000000000000000e+00 1.000000000000000000e+00 2.000000000000000000e+00 1.328156617270719320e+00 4.200000000000000000e+01 2.732197875976562500e+02
8.890150000000000000e+06 2.364455163478851318e-01 1.628249373988651522e-02 2.000000000000000000e+04 1.000000000000000000e+01 1.000000000000000000e+00 1.000000000000000000e+00 2.000000000000000000e+00 1.328156617270719320e+00 4.200000000000000000e+01 2.732197875976562500e+02
1.614335400000000000e+07 1.652560383081436157e-01 1.650972655684868756e-02 2.000000000000000000e+04 1.000000000000000000e+01 1.000000000000000000e+00 1.000000000000000000e+00 2.000000000000000000e+00 1.328156617270719320e+00 4.200000000000000000e+01 2.732197875976562500e+02
6.389359000000000000e+06 2.373588085174560547e-01 1.643398228452796345e-02 2.000000000000000000e+04 1.000000000000000000e+01 1.000000000000000000e+00 1.000000000000000000e+00 2.000000000000000000e+00 1.328156617270719320e+00 4.200000000000000000e+01 2.732197875976562500e+02
5.886765000000000000e+06 8.357467055320739746e-01 1.658547082916941168e-02 2.000000000000000000e+04 1.000000000000000000e+01 1.000000000000000000e+00 1.000000000000000000e+00 2.000000000000000000e+00 1.328156617270719320e+00 4.200000000000000000e+01 2.732197875976562500e+02
1.212635700000000000e+07 4.252342879772186279e-01 1.671171128303728520e-02 2.000000000000000000e+04 1.000000000000000000e+01 1.000000000000000000e+00 1.000000000000000000e+00 2.000000000000000000e+00 1.328156617270719320e+00 4.200000000000000000e+01 2.732197875976562500e+02
1.089495400000000000e+07 1.506294608116149902e-01 1.645923037530153815e-02 2.000000000000000000e+04 1.000000000000000000e+01 1.000000000000000000e+00 1.000000000000000000e+00 2.000000000000000000e+00 1.328156617270719320e+00 4.200000000000000000e+01 2.732197875976562500e+02
3.099007000000000000e+06 4.364374279975891113e-01 1.668646319226371050e-02 2.000000000000000000e+04 1.000000000000000000e+01 1.000000000000000000e+00 1.000000000000000000e+00 2.000000000000000000e+00 1.328156617270719320e+00 4.200000000000000000e+01 2.732197875976562500e+02
1.499257000000000000e+06 1.560569286346435547e+00 1.671171128303728520e-02 2.000000000000000000e+04 1.000000000000000000e+01 1.000000000000000000e+00 1.000000000000000000e+00 2.000000000000000000e+00 1.328156617270719320e+00 4.200000000000000000e+01 2.732197875976562500e+02
1.415610600000000000e+07 9.630891680717468262e-02 1.671171128303728520e-02 2.000000000000000000e+04 1.000000000000000000e+01 1.000000000000000000e+00 1.000000000000000000e+00 2.000000000000000000e+00 1.328156617270719320e+00 4.200000000000000000e+01 2.732197875976562500e+02
3.015400000000000000e+04 4.129824042320251465e-01 1.668646319226371050e-02 2.000000000000000000e+04 1.000000000000000000e+01 1.000000000000000000e+00 1.000000000000000000e+00 2.000000000000000000e+00 1.328156617270719320e+00 4.200000000000000000e+01 2.732197875976562500e+02
9.305918000000000000e+06 2.991691529750823975e-01 1.678745555535800932e-02 2.000000000000000000e+04 1.000000000000000000e+01 1.000000000000000000e+00 1.000000000000000000e+00 2.000000000000000000e+00 1.328156617270719320e+00 4.200000000000000000e+01 2.732197875976562500e+02
2.760410000000000000e+06 6.332783699035644531e-01 1.673695937381085991e-02 2.000000000000000000e+04 1.000000000000000000e+01 1.000000000000000000e+00 1.000000000000000000e+00 2.000000000000000000e+00 1.328156617270719320e+00 4.200000000000000000e+01 2.732197875976562500e+02
4.916778000000000000e+06 6.843619346618652344e+00 1.653497464762226227e-02 2.000000000000000000e+04 1.000000000000000000e+01 1.000000000000000000e+00 1.000000000000000000e+00 2.000000000000000000e+00 1.328156617270719320e+00 4.200000000000000000e+01 2.732197875976562500e+02
3.614275000000000000e+06 6.837959587574005127e-02 1.653497464762226227e-02 2.000000000000000000e+04 1.000000000000000000e+01 1.000000000000000000e+00 1.000000000000000000e+00 2.000000000000000000e+00 1.328156617270719320e+00 4.200000000000000000e+01 2.732197875976562500e+02
5.845959000000000000e+06 6.915886998176574707e-01 1.643398228452796345e-02 2.000000000000000000e+04 1.000000000000000000e+01 1.000000000000000000e+00 1.000000000000000000e+00 2.000000000000000000e+00 1.328156617270719320e+00 4.200000000000000000e+01 2.732197875976562500e+02
4.248582000000000000e+06 4.234195947647094727e-01 1.663596701071656109e-02 2.000000000000000000e+04 1.000000000000000000e+01 1.000000000000000000e+00 1.000000000000000000e+00 2.000000000000000000e+00 1.328156617270719320e+00 4.200000000000000000e+01 2.732197875976562500e+02
1.106357000000000000e+07 1.239898204803466797e+00 1.653497464762226227e-02 2.000000000000000000e+04 1.000000000000000000e+01 1.000000000000000000e+00 1.000000000000000000e+00 2.000000000000000000e+00 1.328156617270719320e+00 4.200000000000000000e+01 2.732197875976562500e+02
1.753158100000000000e+07 4.163053512573242188e+00 1.691369600922588284e-02 2.000000000000000000e+04 1.000000000000000000e+01 1.000000000000000000e+00 1.000000000000000000e+00 2.000000000000000000e+00 1.328156617270719320e+00 4.200000000000000000e+01 2.732197875976562500e+02
8.709982000000000000e+06 6.271848082542419434e-01 1.686319982767873343e-02 2.000000000000000000e+04 1.000000000000000000e+01 1.000000000000000000e+00 1.000000000000000000e+00 2.000000000000000000e+00 1.328156617270719320e+00 4.200000000000000000e+01 2.732197875976562500e+02
1.150890900000000000e+07 1.814515709877014160e+00 1.683795173690515873e-02 2.000000000000000000e+04 1.000000000000000000e+01 1.000000000000000000e+00 1.000000000000000000e+00 2.000000000000000000e+00 1.328156617270719320e+00 4.200000000000000000e+01 2.732197875976562500e+02
6.799262000000000000e+06 1.243694186210632324e+00 1.683795173690515873e-02 2.000000000000000000e+04 1.000000000000000000e+01 1.000000000000000000e+00 1.000000000000000000e+00 2.000000000000000000e+00 1.328156617270719320e+00 4.200000000000000000e+01 2.732197875976562500e+02
1.972470000000000000e+06 2.521268427371978760e-01 1.683795173690515873e-02 2.000000000000000000e+04 1.000000000000000000e+01 1.000000000000000000e+00 1.000000000000000000e+00 2.000000000000000000e+00 1.328156617270719320e+00 4.200000000000000000e+01 2.732197875976562500e+02
7.516290000000000000e+06 2.808755159378051758e+00 1.686319982767873343e-02 2.000000000000000000e+04 1.000000000000000000e+01 1.000000000000000000e+00 1.000000000000000000e+00 2.000000000000000000e+00 1.328156617270719320e+00 4.200000000000000000e+01 2.732197875976562500e+02
1.516959300000000000e+07 8.951786905527114868e-02 1.683795173690515873e-02 2.000000000000000000e+04 1.000000000000000000e+01 1.000000000000000000e+00 1.000000000000000000e+00 2.000000000000000000e+00 1.328156617270719320e+00 4.200000000000000000e+01 2.732197875976562500e+02
1.638286000000000000e+07 1.454453170299530029e-01 1.693894409999945755e-02 2.000000000000000000e+04 1.000000000000000000e+01 1.000000000000000000e+00 1.000000000000000000e+00 2.000000000000000000e+00 1.328156617270719320e+00 4.200000000000000000e+01 2.732197875976562500e+02
4.087102000000000000e+06 1.276706218719482422e+00 1.683795173690515873e-02 2.000000000000000000e+04 1.000000000000000000e+01 1.000000000000000000e+00 1.000000000000000000e+00 2.000000000000000000e+00 1.328156617270719320e+00 4.200000000000000000e+01 2.732197875976562500e+02
1.214880200000000000e+07 3.229686915874481201e-01 1.686319982767873343e-02 2.000000000000000000e+04 1.000000000000000000e+01 1.000000000000000000e+00 1.000000000000000000e+00 2.000000000000000000e+00 1.328156617270719320e+00 4.200000000000000000e+01 2.732197875976562500e+02
5.773365000000000000e+06 3.666889071464538574e-01 1.706518455386733107e-02 2.000000000000000000e+04 1.000000000000000000e+01 1.000000000000000000e+00 1.000000000000000000e+00 2.000000000000000000e+00 1.328156617270719320e+00 4.200000000000000000e+01 2.732197875976562500e+02
1.065127600000000000e+07 4.173075556755065918e-01 1.709043264464090578e-02 2.000000000000000000e+04 1.000000000000000000e+01 1.000000000000000000e+00 1.000000000000000000e+00 2.000000000000000000e+00 1.328156617270719320e+00 4.200000000000000000e+01 2.732197875976562500e+02
4.579067000000000000e+06 2.492579072713851929e-01 1.703993646309375637e-02 2.000000000000000000e+04 1.000000000000000000e+01 1.000000000000000000e+00 1.000000000000000000e+00 2.000000000000000000e+00 1.328156617270719320e+00 4.200000000000000000e+01 2.732197875976562500e+02
1.815737700000000000e+07 4.066847264766693115e-01 1.703993646309375637e-02 2.000000000000000000e+04 1.000000000000000000e+01 1.000000000000000000e+00 1.000000000000000000e+00 2.000000000000000000e+00 1.328156617270719320e+00 4.200000000000000000e+01 2.732197875976562500e+02
1.416827900000000000e+07 1.029186248779296875e+00 1.698944028154660696e-02 2.000000000000000000e+04 1.000000000000000000e+01 1.000000000000000000e+00 1.000000000000000000e+00 2.000000000000000000e+00 1.328156617270719320e+00 4.200000000000000000e+01 2.732197875976562500e+02
1.634929300000000000e+07 2.379873543977737427e-01 1.696419219077303225e-02 2.000000000000000000e+04 1.000000000000000000e+01 1.000000000000000000e+00 1.000000000000000000e+00 2.000000000000000000e+00 1.328156617270719320e+00 4.200000000000000000e+01 2.732197875976562500e+02
1.653352000000000000e+06 5.918655395507812500e-01 1.696419219077303225e-02 2.000000000000000000e+04 1.000000000000000000e+01 1.000000000000000000e+00 1.000000000000000000e+00 2.000000000000000000e+00 1.328156617270719320e+00 4.200000000000000000e+01 2.732197875976562500e+02
1.205073300000000000e+07 2.838393449783325195e-01 1.706518455386733107e-02 2.000000000000000000e+04 1.000000000000000000e+01 1.000000000000000000e+00 1.000000000000000000e+00 2.000000000000000000e+00 1.328156617270719320e+00 4.200000000000000000e+01 2.732197875976562500e+02
1.026281800000000000e+07 1.405374407768249512e+00 1.698944028154660696e-02 2.000000000000000000e+04 1.000000000000000000e+01 1.000000000000000000e+00 1.000000000000000000e+00 2.000000000000000000e+00 1.328156617270719320e+00 4.200000000000000000e+01 2.732197875976562500e+02
