# (0) ID (1) Max mass (2) seed formation time (3) GMC mass (4) GMC radius (5) GMC metallicity (6) ISRF (7) GMC virial parameter (8) GMC mass-to-flux ratio (9) seed (10) total stellar mass formed
# SFE: 0.0180112
# IMF params: -1.54904 -1.3681 -1.18919 24.3037
# 
9.875166000000000000e+06 1.847777962684631348e+00 5.932994045692142372e-03 2.000000000000000000e+04 1.000000000000000000e+01 1.000000000000000000e+00 1.000000000000000000e+00 2.000000000000000000e+00 1.328156617270719320e+00 4.200000000000000000e+01 3.602232360839843750e+02
2.973059000000000000e+06 8.895912766456604004e-02 6.286449010116352577e-03 2.000000000000000000e+04 1.000000000000000000e+01 1.000000000000000000e+00 1.000000000000000000e+00 2.000000000000000000e+00 1.328156617270719320e+00 4.200000000000000000e+01 3.602232360839843750e+02
8.951218000000000000e+06 1.188938379287719727e+00 7.271073553869509577e-03 2.000000000000000000e+04 1.000000000000000000e+01 1.000000000000000000e+00 1.000000000000000000e+00 2.000000000000000000e+00 1.328156617270719320e+00 4.200000000000000000e+01 3.602232360839843750e+02
9.359522000000000000e+06 1.356996037065982819e-02 4.897875935592669629e-03 2.000000000000000000e+04 1.000000000000000000e+01 1.000000000000000000e+00 1.000000000000000000e+00 2.000000000000000000e+00 1.328156617270719320e+00 4.200000000000000000e+01 3.602232360839843750e+02
7.484685000000000000e+06 5.773982778191566467e-02 5.453305165402142808e-03 2.000000000000000000e+04 1.000000000000000000e+01 1.000000000000000000e+00 1.000000000000000000e+00 2.000000000000000000e+00 1.328156617270719320e+00 4.200000000000000000e+01 3.602232360839843750e+02
4.645212000000000000e+06 6.141684651374816895e-01 6.816631456752667885e-03 2.000000000000000000e+04 1.000000000000000000e+01 1.000000000000000000e+00 1.000000000000000000e+00 2.000000000000000000e+00 1.328156617270719320e+00 4.200000000000000000e+01 3.602232360839843750e+02
9.370222000000000000e+06 9.316288948059082031e+00 6.715644324060036398e-03 2.000000000000000000e+04 1.000000000000000000e+01 1.000000000000000000e+00 1.000000000000000000e+00 2.000000000000000000e+00 1.328156617270719320e+00 4.200000000000000000e+01 3.602232360839843750e+02
1.231716900000000000e+07 4.561774134635925293e-01 4.897875935592669629e-03 2.000000000000000000e+04 1.000000000000000000e+01 1.000000000000000000e+00 1.000000000000000000e+00 2.000000000000000000e+00 1.328156617270719320e+00 4.200000000000000000e+01 3.602232360839843750e+02
2.044494000000000000e+06 5.136952549219131470e-02 5.554292298094774295e-03 2.000000000000000000e+04 1.000000000000000000e+01 1.000000000000000000e+00 1.000000000000000000e+00 2.000000000000000000e+00 1.328156617270719320e+00 4.200000000000000000e+01 3.602232360839843750e+02
2.943379000000000000e+06 2.908904552459716797e+00 6.033981178384774727e-03 2.000000000000000000e+04 1.000000000000000000e+01 1.000000000000000000e+00 1.000000000000000000e+00 2.000000000000000000e+00 1.328156617270719320e+00 4.200000000000000000e+01 3.602232360839843750e+02
8.470332000000000000e+06 1.105425596237182617e+00 6.033981178384774727e-03 2.000000000000000000e+04 1.000000000000000000e+01 1.000000000000000000e+00 1.000000000000000000e+00 2.000000000000000000e+00 1.328156617270719320e+00 4.200000000000000000e+01 3.602232360839843750e+02
1.393806000000000000e+07 1.722593903541564941e-01 5.554292298094774295e-03 2.000000000000000000e+04 1.000000000000000000e+01 1.000000000000000000e+00 1.000000000000000000e+00 2.000000000000000000e+00 1.328156617270719320e+00 4.200000000000000000e+01 3.602232360839843750e+02
1.421881000000000000e+06 5.284182429313659668e-01 8.078970615410562342e-03 2.000000000000000000e+04 1.000000000000000000e+01 1.000000000000000000e+00 1.000000000000000000e+00 2.000000000000000000e+00 1.328156617270719320e+00 4.200000000000000000e+01 3.602232360839843750e+02
1.685957000000000000e+06 6.634703278541564941e-02 5.428058382228984936e-03 2.000000000000000000e+04 1.000000000000000000e+01 1.000000000000000000e+00 1.000000000000000000e+00 2.000000000000000000e+00 1.328156617270719320e+00 4.200000000000000000e+01 3.602232360839843750e+02
5.540894000000000000e+06 5.366793274879455566e-01 5.402811599055827065e-03 2.000000000000000000e+04 1.000000000000000000e+01 1.000000000000000000e+00 1.000000000000000000e+00 2.000000000000000000e+00 1.328156617270719320e+00 4.200000000000000000e+01 3.602232360839843750e+02
2.349529000000000000e+06 4.687677860260009766e+00 7.195333204350035962e-03 2.000000000000000000e+04 1.000000000000000000e+01 1.000000000000000000e+00 1.000000000000000000e+00 2.000000000000000000e+00 1.328156617270719320e+00 4.200000000000000000e+01 3.602232360839843750e+02
6.855850000000000000e+05 4.479192197322845459e-01 7.372060686562141064e-03 2.000000000000000000e+04 1.000000000000000000e+01 1.000000000000000000e+00 1.000000000000000000e+00 2.000000000000000000e+00 1.328156617270719320e+00 4.200000000000000000e+01 3.602232360839843750e+02
7.261741000000000000e+06 4.489696025848388672e-01 7.043852505311088731e-03 2.000000000000000000e+04 1.000000000000000000e+01 1.000000000000000000e+00 1.000000000000000000e+00 2.000000000000000000e+00 1.328156617270719320e+00 4.200000000000000000e+01 3.602232360839843750e+02
9.801060000000000000e+05 2.846066653728485107e-01 6.867125023098983629e-03 2.000000000000000000e+04 1.000000000000000000e+01 1.000000000000000000e+00 1.000000000000000000e+00 2.000000000000000000e+00 1.328156617270719320e+00 4.200000000000000000e+01 3.602232360839843750e+02
3.120709000000000000e+06 5.100088715553283691e-01 5.478551948575300680e-03 2.000000000000000000e+04 1.000000000000000000e+01 1.000000000000000000e+00 1.000000000000000000e+00 2.000000000000000000e+00 1.328156617270719320e+00 4.200000000000000000e+01 3.602232360839843750e+02
8.357529000000000000e+06 5.733408927917480469e+00 5.428058382228984936e-03 2.000000000000000000e+04 1.000000000000000000e+01 1.000000000000000000e+00 1.000000000000000000e+00 2.000000000000000000e+00 1.328156617270719320e+00 4.200000000000000000e+01 3.602232360839843750e+02
1.462907000000000000e+06 1.769892685115337372e-02 5.529045514921616424e-03 2.000000000000000000e+04 1.000000000000000000e+01 1.000000000000000000e+00 1.000000000000000000e+00 2.000000000000000000e+00 1.328156617270719320e+00 4.200000000000000000e+01 3.602232360839843750e+02
4.132432000000000000e+06 2.874469757080078125e+00 5.529045514921616424e-03 2.000000000000000000e+04 1.000000000000000000e+01 1.000000000000000000e+00 1.000000000000000000e+00 2.000000000000000000e+00 1.328156617270719320e+00 4.200000000000000000e+01 3.602232360839843750e+02
1.763322000000000000e+06 5.136797949671745300e-02 5.428058382228984936e-03 2.000000000000000000e+04 1.000000000000000000e+01 1.000000000000000000e+00 1.000000000000000000e+00 2.000000000000000000e+00 1.328156617270719320e+00 4.200000000000000000e+01 3.602232360839843750e+02
1.575066100000000000e+07 6.087784171104431152e-01 6.235955443770037701e-03 2.000000000000000000e+04 1.000000000000000000e+01 1.000000000000000000e+00 1.000000000000000000e+00 2.000000000000000000e+00 1.328156617270719320e+00 4.200000000000000000e+01 3.602232360839843750e+02
1.493329000000000000e+06 7.579895108938217163e-02 5.428058382228984936e-03 2.000000000000000000e+04 1.000000000000000000e+01 1.000000000000000000e+00 1.000000000000000000e+00 2.000000000000000000e+00 1.328156617270719320e+00 4.200000000000000000e+01 3.602232360839843750e+02
1.082827400000000000e+07 1.181485801935195923e-01 7.725515650986351270e-03 2.000000000000000000e+04 1.000000000000000000e+01 1.000000000000000000e+00 1.000000000000000000e+00 2.000000000000000000e+00 1.328156617270719320e+00 4.200000000000000000e+01 3.602232360839843750e+02
6.736162000000000000e+06 1.825499683618545532e-01 7.043852505311088731e-03 2.000000000000000000e+04 1.000000000000000000e+01 1.000000000000000000e+00 1.000000000000000000e+00 2.000000000000000000e+00 1.328156617270719320e+00 4.200000000000000000e+01 3.602232360839843750e+02
1.646987400000000000e+07 2.553923241794109344e-02 5.554292298094774295e-03 2.000000000000000000e+04 1.000000000000000000e+01 1.000000000000000000e+00 1.000000000000000000e+00 2.000000000000000000e+00 1.328156617270719320e+00 4.200000000000000000e+01 3.602232360839843750e+02
7.788120000000000000e+05 4.623388648033142090e-01 6.968112155791615116e-03 2.000000000000000000e+04 1.000000000000000000e+01 1.000000000000000000e+00 1.000000000000000000e+00 2.000000000000000000e+00 1.328156617270719320e+00 4.200000000000000000e+01 3.602232360839843750e+02
9.033300000000000000e+04 6.495898962020874023e-01 7.018605722137931727e-03 2.000000000000000000e+04 1.000000000000000000e+01 1.000000000000000000e+00 1.000000000000000000e+00 2.000000000000000000e+00 1.328156617270719320e+00 4.200000000000000000e+01 3.602232360839843750e+02
9.097383000000000000e+06 8.742899894714355469e-01 7.876996350025299368e-03 2.000000000000000000e+04 1.000000000000000000e+01 1.000000000000000000e+00 1.000000000000000000e+00 2.000000000000000000e+00 1.328156617270719320e+00 4.200000000000000000e+01 3.602232360839843750e+02
9.554409000000000000e+06 9.151687026023864746e-01 7.725515650986351270e-03 2.000000000000000000e+04 1.000000000000000000e+01 1.000000000000000000e+00 1.000000000000000000e+00 2.000000000000000000e+00 1.328156617270719320e+00 4.200000000000000000e+01 3.602232360839843750e+02
8.501635000000000000e+06 2.834426403045654297e+00 7.700268867813193398e-03 2.000000000000000000e+04 1.000000000000000000e+01 1.000000000000000000e+00 1.000000000000000000e+00 2.000000000000000000e+00 1.328156617270719320e+00 4.200000000000000000e+01 3.602232360839843750e+02
6.166319000000000000e+06 7.587987422943115234e+00 7.624528518293719782e-03 2.000000000000000000e+04 1.000000000000000000e+01 1.000000000000000000e+00 1.000000000000000000e+00 2.000000000000000000e+00 1.328156617270719320e+00 4.200000000000000000e+01 3.602232360839843750e+02
7.923568000000000000e+06 8.241650462150573730e-01 7.902243133198457239e-03 2.000000000000000000e+04 1.000000000000000000e+01 1.000000000000000000e+00 1.000000000000000000e+00 2.000000000000000000e+00 1.328156617270719320e+00 4.200000000000000000e+01 3.602232360839843750e+02
2.356551000000000000e+06 4.183080792427062988e-01 8.003230265891088727e-03 2.000000000000000000e+04 1.000000000000000000e+01 1.000000000000000000e+00 1.000000000000000000e+00 2.000000000000000000e+00 1.328156617270719320e+00 4.200000000000000000e+01 3.602232360839843750e+02
2.156424000000000000e+06 5.087919160723686218e-02 5.478551948575300680e-03 2.000000000000000000e+04 1.000000000000000000e+01 1.000000000000000000e+00 1.000000000000000000e+00 2.000000000000000000e+00 1.328156617270719320e+00 4.200000000000000000e+01 3.602232360839843750e+02
8.815866000000000000e+06 6.515943259000778198e-02 6.412682925982141936e-03 2.000000000000000000e+04 1.000000000000000000e+01 1.000000000000000000e+00 1.000000000000000000e+00 2.000000000000000000e+00 1.328156617270719320e+00 4.200000000000000000e+01 3.602232360839843750e+02
1.015986800000000000e+07 8.849179267883300781e+00 4.064732090878459859e-03 2.000000000000000000e+04 1.000000000000000000e+01 1.000000000000000000e+00 1.000000000000000000e+00 2.000000000000000000e+00 1.328156617270719320e+00 4.200000000000000000e+01 3.602232360839843750e+02
1.155085900000000000e+07 4.227919101715087891e+00 5.352318032709511321e-03 2.000000000000000000e+04 1.000000000000000000e+01 1.000000000000000000e+00 1.000000000000000000e+00 2.000000000000000000e+00 1.328156617270719320e+00 4.200000000000000000e+01 3.602232360839843750e+02
1.993411000000000000e+06 5.556770414113998413e-02 5.554292298094774295e-03 2.000000000000000000e+04 1.000000000000000000e+01 1.000000000000000000e+00 1.000000000000000000e+00 2.000000000000000000e+00 1.328156617270719320e+00 4.200000000000000000e+01 3.602232360839843750e+02
8.142877000000000000e+06 6.954394578933715820e-01 7.119592854830562347e-03 2.000000000000000000e+04 1.000000000000000000e+01 1.000000000000000000e+00 1.000000000000000000e+00 2.000000000000000000e+00 1.328156617270719320e+00 4.200000000000000000e+01 3.602232360839843750e+02
2.921740000000000000e+05 2.398538112640380859e+00 7.321567120215825321e-03 2.000000000000000000e+04 1.000000000000000000e+01 1.000000000000000000e+00 1.000000000000000000e+00 2.000000000000000000e+00 1.328156617270719320e+00 4.200000000000000000e+01 3.602232360839843750e+02
3.992122000000000000e+06 1.813827991485595703e+00 7.624528518293719782e-03 2.000000000000000000e+04 1.000000000000000000e+01 1.000000000000000000e+00 1.000000000000000000e+00 2.000000000000000000e+00 1.328156617270719320e+00 4.200000000000000000e+01 3.602232360839843750e+02
2.792410000000000000e+05 1.921838760375976562e+00 7.447801036081614680e-03 2.000000000000000000e+04 1.000000000000000000e+01 1.000000000000000000e+00 1.000000000000000000e+00 2.000000000000000000e+00 1.328156617270719320e+00 4.200000000000000000e+01 3.602232360839843750e+02
5.696635000000000000e+06 1.377868533134460449e+00 7.649775301466877654e-03 2.000000000000000000e+04 1.000000000000000000e+01 1.000000000000000000e+00 1.000000000000000000e+00 2.000000000000000000e+00 1.328156617270719320e+00 4.200000000000000000e+01 3.602232360839843750e+02
8.634574000000000000e+06 1.105870157480239868e-01 8.003230265891088727e-03 2.000000000000000000e+04 1.000000000000000000e+01 1.000000000000000000e+00 1.000000000000000000e+00 2.000000000000000000e+00 1.328156617270719320e+00 4.200000000000000000e+01 3.602232360839843750e+02
5.965187000000000000e+06 1.446187853813171387e+00 7.977983482717930855e-03 2.000000000000000000e+04 1.000000000000000000e+01 1.000000000000000000e+00 1.000000000000000000e+00 2.000000000000000000e+00 1.328156617270719320e+00 4.200000000000000000e+01 3.602232360839843750e+02
8.550614000000000000e+06 1.362085491418838501e-01 7.700268867813193398e-03 2.000000000000000000e+04 1.000000000000000000e+01 1.000000000000000000e+00 1.000000000000000000e+00 2.000000000000000000e+00 1.328156617270719320e+00 4.200000000000000000e+01 3.602232360839843750e+02
2.652300000000000000e+05 1.740469098091125488e+00 7.574034951947404039e-03 2.000000000000000000e+04 1.000000000000000000e+01 1.000000000000000000e+00 1.000000000000000000e+00 2.000000000000000000e+00 1.328156617270719320e+00 4.200000000000000000e+01 3.602232360839843750e+02
5.380308000000000000e+06 6.679272055625915527e-01 6.437929709155299808e-03 2.000000000000000000e+04 1.000000000000000000e+01 1.000000000000000000e+00 1.000000000000000000e+00 2.000000000000000000e+00 1.328156617270719320e+00 4.200000000000000000e+01 3.602232360839843750e+02
3.985292000000000000e+06 2.237787991762161255e-01 5.377564815882670060e-03 2.000000000000000000e+04 1.000000000000000000e+01 1.000000000000000000e+00 1.000000000000000000e+00 2.000000000000000000e+00 1.328156617270719320e+00 4.200000000000000000e+01 3.602232360839843750e+02
7.758478000000000000e+06 1.022575944662094116e-01 6.463176492328457680e-03 2.000000000000000000e+04 1.000000000000000000e+01 1.000000000000000000e+00 1.000000000000000000e+00 2.000000000000000000e+00 1.328156617270719320e+00 4.200000000000000000e+01 3.602232360839843750e+02
6.417065000000000000e+06 3.047229051589965820e+00 7.750762434159510009e-03 2.000000000000000000e+04 1.000000000000000000e+01 1.000000000000000000e+00 1.000000000000000000e+00 2.000000000000000000e+00 1.328156617270719320e+00 4.200000000000000000e+01 3.602232360839843750e+02
8.290618000000000000e+06 8.882287979125976562e+00 7.548788168774247034e-03 2.000000000000000000e+04 1.000000000000000000e+01 1.000000000000000000e+00 1.000000000000000000e+00 2.000000000000000000e+00 1.328156617270719320e+00 4.200000000000000000e+01 3.602232360839843750e+02
5.936885000000000000e+06 3.149639129638671875e+00 7.548788168774247034e-03 2.000000000000000000e+04 1.000000000000000000e+01 1.000000000000000000e+00 1.000000000000000000e+00 2.000000000000000000e+00 1.328156617270719320e+00 4.200000000000000000e+01 3.602232360839843750e+02
8.715456000000000000e+06 1.055028915405273438e+00 5.882500479345826629e-03 2.000000000000000000e+04 1.000000000000000000e+01 1.000000000000000000e+00 1.000000000000000000e+00 2.000000000000000000e+00 1.328156617270719320e+00 4.200000000000000000e+01 3.602232360839843750e+02
9.189490000000000000e+06 1.916984841227531433e-02 4.897875935592669629e-03 2.000000000000000000e+04 1.000000000000000000e+01 1.000000000000000000e+00 1.000000000000000000e+00 2.000000000000000000e+00 1.328156617270719320e+00 4.200000000000000000e+01 3.602232360839843750e+02
7.249464000000000000e+06 5.297493934631347656e-01 7.119592854830562347e-03 2.000000000000000000e+04 1.000000000000000000e+01 1.000000000000000000e+00 1.000000000000000000e+00 2.000000000000000000e+00 1.328156617270719320e+00 4.200000000000000000e+01 3.602232360839843750e+02
1.645907000000000000e+06 1.018064880371093750e+01 7.018605722137931727e-03 2.000000000000000000e+04 1.000000000000000000e+01 1.000000000000000000e+00 1.000000000000000000e+00 2.000000000000000000e+00 1.328156617270719320e+00 4.200000000000000000e+01 3.602232360839843750e+02
1.229777000000000000e+06 2.194838762283325195e+00 6.993358938964772988e-03 2.000000000000000000e+04 1.000000000000000000e+01 1.000000000000000000e+00 1.000000000000000000e+00 2.000000000000000000e+00 1.328156617270719320e+00 4.200000000000000000e+01 3.602232360839843750e+02
1.563449100000000000e+07 3.099798917770385742e+00 5.554292298094774295e-03 2.000000000000000000e+04 1.000000000000000000e+01 1.000000000000000000e+00 1.000000000000000000e+00 2.000000000000000000e+00 1.328156617270719320e+00 4.200000000000000000e+01 3.602232360839843750e+02
1.404421700000000000e+07 5.284890532493591309e-01 5.554292298094774295e-03 2.000000000000000000e+04 1.000000000000000000e+01 1.000000000000000000e+00 1.000000000000000000e+00 2.000000000000000000e+00 1.328156617270719320e+00 4.200000000000000000e+01 3.602232360839843750e+02
5.702570000000000000e+05 1.669699788093566895e+00 6.766137890406353009e-03 2.000000000000000000e+04 1.000000000000000000e+01 1.000000000000000000e+00 1.000000000000000000e+00 2.000000000000000000e+00 1.328156617270719320e+00 4.200000000000000000e+01 3.602232360839843750e+02
4.013653000000000000e+06 9.175855666399002075e-02 6.412682925982141936e-03 2.000000000000000000e+04 1.000000000000000000e+01 1.000000000000000000e+00 1.000000000000000000e+00 2.000000000000000000e+00 1.328156617270719320e+00 4.200000000000000000e+01 3.602232360839843750e+02
8.519350000000000000e+06 4.383299946784973145e-01 7.700268867813193398e-03 2.000000000000000000e+04 1.000000000000000000e+01 1.000000000000000000e+00 1.000000000000000000e+00 2.000000000000000000e+00 1.328156617270719320e+00 4.200000000000000000e+01 3.602232360839843750e+02
3.110579000000000000e+06 1.376795768737792969e-01 5.402811599055827065e-03 2.000000000000000000e+04 1.000000000000000000e+01 1.000000000000000000e+00 1.000000000000000000e+00 2.000000000000000000e+00 1.328156617270719320e+00 4.200000000000000000e+01 3.602232360839843750e+02
1.019086600000000000e+07 1.949699163436889648e+00 6.488423275501615552e-03 2.000000000000000000e+04 1.000000000000000000e+01 1.000000000000000000e+00 1.000000000000000000e+00 2.000000000000000000e+00 1.328156617270719320e+00 4.200000000000000000e+01 3.602232360839843750e+02
4.929820000000000000e+05 2.553465068340301514e-01 6.261202226943194706e-03 2.000000000000000000e+04 1.000000000000000000e+01 1.000000000000000000e+00 1.000000000000000000e+00 2.000000000000000000e+00 1.328156617270719320e+00 4.200000000000000000e+01 3.602232360839843750e+02
7.052960000000000000e+05 8.972239494323730469e+00 6.160215094250563218e-03 2.000000000000000000e+04 1.000000000000000000e+01 1.000000000000000000e+00 1.000000000000000000e+00 2.000000000000000000e+00 1.328156617270719320e+00 4.200000000000000000e+01 3.602232360839843750e+02
8.740060000000000000e+05 6.340818852186203003e-02 7.144839638003720218e-03 2.000000000000000000e+04 1.000000000000000000e+01 1.000000000000000000e+00 1.000000000000000000e+00 2.000000000000000000e+00 1.328156617270719320e+00 4.200000000000000000e+01 3.602232360839843750e+02
1.383236300000000000e+07 1.285187840461730957e+00 6.867125023098983629e-03 2.000000000000000000e+04 1.000000000000000000e+01 1.000000000000000000e+00 1.000000000000000000e+00 2.000000000000000000e+00 1.328156617270719320e+00 4.200000000000000000e+01 3.602232360839843750e+02
6.573582000000000000e+06 1.044153881072998047e+01 6.690397540886879393e-03 2.000000000000000000e+04 1.000000000000000000e+01 1.000000000000000000e+00 1.000000000000000000e+00 2.000000000000000000e+00 1.328156617270719320e+00 4.200000000000000000e+01 3.602232360839843750e+02
9.676454000000000000e+06 2.983738899230957031e+00 6.690397540886879393e-03 2.000000000000000000e+04 1.000000000000000000e+01 1.000000000000000000e+00 1.000000000000000000e+00 2.000000000000000000e+00 1.328156617270719320e+00 4.200000000000000000e+01 3.602232360839843750e+02
1.243549500000000000e+07 2.151674032211303711e-01 6.740891107233194270e-03 2.000000000000000000e+04 1.000000000000000000e+01 1.000000000000000000e+00 1.000000000000000000e+00 2.000000000000000000e+00 1.328156617270719320e+00 4.200000000000000000e+01 3.602232360839843750e+02
4.447954000000000000e+06 4.715754985809326172e-01 5.503798731748458552e-03 2.000000000000000000e+04 1.000000000000000000e+01 1.000000000000000000e+00 1.000000000000000000e+00 2.000000000000000000e+00 1.328156617270719320e+00 4.200000000000000000e+01 3.602232360839843750e+02
1.562784000000000000e+06 1.184982880949974060e-01 5.554292298094774295e-03 2.000000000000000000e+04 1.000000000000000000e+01 1.000000000000000000e+00 1.000000000000000000e+00 2.000000000000000000e+00 1.328156617270719320e+00 4.200000000000000000e+01 3.602232360839843750e+02
2.773275000000000000e+06 1.506910419464111328e+01 5.554292298094774295e-03 2.000000000000000000e+04 1.000000000000000000e+01 1.000000000000000000e+00 1.000000000000000000e+00 2.000000000000000000e+00 1.328156617270719320e+00 4.200000000000000000e+01 3.602232360839843750e+02
1.716189000000000000e+06 2.650396585464477539e+00 5.478551948575300680e-03 2.000000000000000000e+04 1.000000000000000000e+01 1.000000000000000000e+00 1.000000000000000000e+00 2.000000000000000000e+00 1.328156617270719320e+00 4.200000000000000000e+01 3.602232360839843750e+02
1.652224000000000000e+06 5.722698688507080078e+00 5.251330900016880701e-03 2.000000000000000000e+04 1.000000000000000000e+01 1.000000000000000000e+00 1.000000000000000000e+00 2.000000000000000000e+00 1.328156617270719320e+00 4.200000000000000000e+01 3.602232360839843750e+02
2.504448000000000000e+06 3.463993594050407410e-02 5.554292298094774295e-03 2.000000000000000000e+04 1.000000000000000000e+01 1.000000000000000000e+00 1.000000000000000000e+00 2.000000000000000000e+00 1.328156617270719320e+00 4.200000000000000000e+01 3.602232360839843750e+02
9.841860000000000000e+05 6.266978383064270020e-01 7.422554252908457675e-03 2.000000000000000000e+04 1.000000000000000000e+01 1.000000000000000000e+00 1.000000000000000000e+00 2.000000000000000000e+00 1.328156617270719320e+00 4.200000000000000000e+01 3.602232360839843750e+02
2.246265000000000000e+06 1.412519454956054688e+00 7.548788168774247034e-03 2.000000000000000000e+04 1.000000000000000000e+01 1.000000000000000000e+00 1.000000000000000000e+00 2.000000000000000000e+00 1.328156617270719320e+00 4.200000000000000000e+01 3.602232360839843750e+02
8.758100000000000000e+04 2.756985463201999664e-02 8.230451314449509573e-03 2.000000000000000000e+04 1.000000000000000000e+01 1.000000000000000000e+00 1.000000000000000000e+00 2.000000000000000000e+00 1.328156617270719320e+00 4.200000000000000000e+01 3.602232360839843750e+02
8.921300000000000000e+04 5.544969558715820312e+00 8.230451314449509573e-03 2.000000000000000000e+04 1.000000000000000000e+01 1.000000000000000000e+00 1.000000000000000000e+00 2.000000000000000000e+00 1.328156617270719320e+00 4.200000000000000000e+01 3.602232360839843750e+02
1.031231900000000000e+07 3.380287885665893555e+00 4.998863068285301116e-03 2.000000000000000000e+04 1.000000000000000000e+01 1.000000000000000000e+00 1.000000000000000000e+00 2.000000000000000000e+00 1.328156617270719320e+00 4.200000000000000000e+01 3.602232360839843750e+02
1.071444100000000000e+07 4.008259773254394531e+00 4.897875935592669629e-03 2.000000000000000000e+04 1.000000000000000000e+01 1.000000000000000000e+00 1.000000000000000000e+00 2.000000000000000000e+00 1.328156617270719320e+00 4.200000000000000000e+01 3.602232360839843750e+02
1.371229800000000000e+07 2.352587878704071045e-01 7.220579987523194701e-03 2.000000000000000000e+04 1.000000000000000000e+01 1.000000000000000000e+00 1.000000000000000000e+00 2.000000000000000000e+00 1.328156617270719320e+00 4.200000000000000000e+01 3.602232360839843750e+02
1.714685000000000000e+06 8.946589827537536621e-01 5.453305165402142808e-03 2.000000000000000000e+04 1.000000000000000000e+01 1.000000000000000000e+00 1.000000000000000000e+00 2.000000000000000000e+00 1.328156617270719320e+00 4.200000000000000000e+01 3.602232360839843750e+02
1.185817500000000000e+07 3.020627975463867188e+00 5.175590550497406218e-03 2.000000000000000000e+04 1.000000000000000000e+01 1.000000000000000000e+00 1.000000000000000000e+00 2.000000000000000000e+00 1.328156617270719320e+00 4.200000000000000000e+01 3.602232360839843750e+02
1.306012000000000000e+06 1.846964098513126373e-02 5.503798731748458552e-03 2.000000000000000000e+04 1.000000000000000000e+01 1.000000000000000000e+00 1.000000000000000000e+00 2.000000000000000000e+00 1.328156617270719320e+00 4.200000000000000000e+01 3.602232360839843750e+02
6.605460000000000000e+05 2.430368614196777344e+01 6.841878239925825757e-03 2.000000000000000000e+04 1.000000000000000000e+01 1.000000000000000000e+00 1.000000000000000000e+00 2.000000000000000000e+00 1.328156617270719320e+00 4.200000000000000000e+01 3.602232360839843750e+02
1.479743600000000000e+07 3.262478113174438477e+00 7.043852505311088731e-03 2.000000000000000000e+04 1.000000000000000000e+01 1.000000000000000000e+00 1.000000000000000000e+00 2.000000000000000000e+00 1.328156617270719320e+00 4.200000000000000000e+01 3.602232360839843750e+02
2.727853000000000000e+06 2.331409454345703125e+00 8.381932013488456804e-03 2.000000000000000000e+04 1.000000000000000000e+01 1.000000000000000000e+00 1.000000000000000000e+00 2.000000000000000000e+00 1.328156617270719320e+00 4.200000000000000000e+01 3.602232360839843750e+02
6.347758000000000000e+06 1.502789109945297241e-01 6.412682925982141936e-03 2.000000000000000000e+04 1.000000000000000000e+01 1.000000000000000000e+00 1.000000000000000000e+00 2.000000000000000000e+00 1.328156617270719320e+00 4.200000000000000000e+01 3.602232360839843750e+02
9.677548000000000000e+06 6.032861769199371338e-02 6.437929709155299808e-03 2.000000000000000000e+04 1.000000000000000000e+01 1.000000000000000000e+00 1.000000000000000000e+00 2.000000000000000000e+00 1.328156617270719320e+00 4.200000000000000000e+01 3.602232360839843750e+02
8.153314000000000000e+06 2.296571731567382812e-01 6.412682925982141936e-03 2.000000000000000000e+04 1.000000000000000000e+01 1.000000000000000000e+00 1.000000000000000000e+00 2.000000000000000000e+00 1.328156617270719320e+00 4.200000000000000000e+01 3.602232360839843750e+02
1.000435500000000000e+07 4.192638874053955078e+00 5.932994045692142372e-03 2.000000000000000000e+04 1.000000000000000000e+01 1.000000000000000000e+00 1.000000000000000000e+00 2.000000000000000000e+00 1.328156617270719320e+00 4.200000000000000000e+01 3.602232360839843750e+02
7.948315000000000000e+06 5.353734269738197327e-02 6.437929709155299808e-03 2.000000000000000000e+04 1.000000000000000000e+01 1.000000000000000000e+00 1.000000000000000000e+00 2.000000000000000000e+00 1.328156617270719320e+00 4.200000000000000000e+01 3.602232360839843750e+02
9.326186000000000000e+06 6.894896626472473145e-01 6.412682925982141936e-03 2.000000000000000000e+04 1.000000000000000000e+01 1.000000000000000000e+00 1.000000000000000000e+00 2.000000000000000000e+00 1.328156617270719320e+00 4.200000000000000000e+01 3.602232360839843750e+02
6.107933000000000000e+06 7.877996444702148438e+00 6.412682925982141936e-03 2.000000000000000000e+04 1.000000000000000000e+01 1.000000000000000000e+00 1.000000000000000000e+00 2.000000000000000000e+00 1.328156617270719320e+00 4.200000000000000000e+01 3.602232360839843750e+02
4.424627000000000000e+06 1.096399307250976562e+00 6.109721527904247475e-03 2.000000000000000000e+04 1.000000000000000000e+01 1.000000000000000000e+00 1.000000000000000000e+00 2.000000000000000000e+00 1.328156617270719320e+00 4.200000000000000000e+01 3.602232360839843750e+02
3.450414000000000000e+06 3.627317428588867188e+00 6.463176492328457680e-03 2.000000000000000000e+04 1.000000000000000000e+01 1.000000000000000000e+00 1.000000000000000000e+00 2.000000000000000000e+00 1.328156617270719320e+00 4.200000000000000000e+01 3.602232360839843750e+02
3.920350000000000000e+06 1.260688781738281250e+00 5.327071249536353449e-03 2.000000000000000000e+04 1.000000000000000000e+01 1.000000000000000000e+00 1.000000000000000000e+00 2.000000000000000000e+00 1.328156617270719320e+00 4.200000000000000000e+01 3.602232360839843750e+02
3.527416000000000000e+06 9.344192147254943848e-01 7.069099288484246603e-03 2.000000000000000000e+04 1.000000000000000000e+01 1.000000000000000000e+00 1.000000000000000000e+00 2.000000000000000000e+00 1.328156617270719320e+00 4.200000000000000000e+01 3.602232360839843750e+02
9.575710000000000000e+06 4.800909757614135742e-02 4.897875935592669629e-03 2.000000000000000000e+04 1.000000000000000000e+01 1.000000000000000000e+00 1.000000000000000000e+00 2.000000000000000000e+00 1.328156617270719320e+00 4.200000000000000000e+01 3.602232360839843750e+02
1.876711700000000000e+07 7.111708164215087891e+00 8.482919146181088291e-03 2.000000000000000000e+04 1.000000000000000000e+01 1.000000000000000000e+00 1.000000000000000000e+00 2.000000000000000000e+00 1.328156617270719320e+00 4.200000000000000000e+01 3.602232360839843750e+02
7.488638000000000000e+06 9.619284272193908691e-01 8.508165929354246163e-03 2.000000000000000000e+04 1.000000000000000000e+01 1.000000000000000000e+00 1.000000000000000000e+00 2.000000000000000000e+00 1.328156617270719320e+00 4.200000000000000000e+01 3.602232360839843750e+02
5.365015000000000000e+06 3.233194351196289062e-01 6.412682925982141936e-03 2.000000000000000000e+04 1.000000000000000000e+01 1.000000000000000000e+00 1.000000000000000000e+00 2.000000000000000000e+00 1.328156617270719320e+00 4.200000000000000000e+01 3.602232360839843750e+02
6.336030000000000000e+05 8.825668692588806152e-02 6.867125023098983629e-03 2.000000000000000000e+04 1.000000000000000000e+01 1.000000000000000000e+00 1.000000000000000000e+00 2.000000000000000000e+00 1.328156617270719320e+00 4.200000000000000000e+01 3.602232360839843750e+02
3.067061000000000000e+06 1.384378790855407715e+00 5.301824466363195577e-03 2.000000000000000000e+04 1.000000000000000000e+01 1.000000000000000000e+00 1.000000000000000000e+00 2.000000000000000000e+00 1.328156617270719320e+00 4.200000000000000000e+01 3.602232360839843750e+02
2.044430000000000000e+05 5.598853155970573425e-02 6.867125023098983629e-03 2.000000000000000000e+04 1.000000000000000000e+01 1.000000000000000000e+00 1.000000000000000000e+00 2.000000000000000000e+00 1.328156617270719320e+00 4.200000000000000000e+01 3.602232360839843750e+02
4.568354000000000000e+06 9.000672399997711182e-02 5.402811599055827065e-03 2.000000000000000000e+04 1.000000000000000000e+01 1.000000000000000000e+00 1.000000000000000000e+00 2.000000000000000000e+00 1.328156617270719320e+00 4.200000000000000000e+01 3.602232360839843750e+02
4.681298000000000000e+06 4.459899425506591797e+00 5.352318032709511321e-03 2.000000000000000000e+04 1.000000000000000000e+01 1.000000000000000000e+00 1.000000000000000000e+00 2.000000000000000000e+00 1.328156617270719320e+00 4.200000000000000000e+01 3.602232360839843750e+02
6.334016000000000000e+06 8.735848426818847656e+00 5.150343767324248347e-03 2.000000000000000000e+04 1.000000000000000000e+01 1.000000000000000000e+00 1.000000000000000000e+00 2.000000000000000000e+00 1.328156617270719320e+00 4.200000000000000000e+01 3.602232360839843750e+02
1.219390000000000000e+06 1.295582056045532227e-01 5.428058382228984936e-03 2.000000000000000000e+04 1.000000000000000000e+01 1.000000000000000000e+00 1.000000000000000000e+00 2.000000000000000000e+00 1.328156617270719320e+00 4.200000000000000000e+01 3.602232360839843750e+02
6.475784000000000000e+06 7.937498092651367188e+00 7.725515650986351270e-03 2.000000000000000000e+04 1.000000000000000000e+01 1.000000000000000000e+00 1.000000000000000000e+00 2.000000000000000000e+00 1.328156617270719320e+00 4.200000000000000000e+01 3.602232360839843750e+02
1.464481600000000000e+07 1.332691758871078491e-01 4.241459573090564962e-03 2.000000000000000000e+04 1.000000000000000000e+01 1.000000000000000000e+00 1.000000000000000000e+00 2.000000000000000000e+00 1.328156617270719320e+00 4.200000000000000000e+01 3.602232360839843750e+02
1.126856900000000000e+07 7.236936688423156738e-02 5.074603417804774731e-03 2.000000000000000000e+04 1.000000000000000000e+01 1.000000000000000000e+00 1.000000000000000000e+00 2.000000000000000000e+00 1.328156617270719320e+00 4.200000000000000000e+01 3.602232360839843750e+02
1.339632700000000000e+07 2.574449777603149414e+00 5.377564815882670060e-03 2.000000000000000000e+04 1.000000000000000000e+01 1.000000000000000000e+00 1.000000000000000000e+00 2.000000000000000000e+00 1.328156617270719320e+00 4.200000000000000000e+01 3.602232360839843750e+02
5.349426000000000000e+06 6.231979131698608398e-01 6.463176492328457680e-03 2.000000000000000000e+04 1.000000000000000000e+01 1.000000000000000000e+00 1.000000000000000000e+00 2.000000000000000000e+00 1.328156617270719320e+00 4.200000000000000000e+01 3.602232360839843750e+02
7.488567000000000000e+06 1.405485570430755615e-01 5.428058382228984936e-03 2.000000000000000000e+04 1.000000000000000000e+01 1.000000000000000000e+00 1.000000000000000000e+00 2.000000000000000000e+00 1.328156617270719320e+00 4.200000000000000000e+01 3.602232360839843750e+02
5.428373000000000000e+06 1.262298226356506348e+00 6.513670058674773423e-03 2.000000000000000000e+04 1.000000000000000000e+01 1.000000000000000000e+00 1.000000000000000000e+00 2.000000000000000000e+00 1.328156617270719320e+00 4.200000000000000000e+01 3.602232360839843750e+02
5.119944000000000000e+06 1.336189806461334229e-01 6.437929709155299808e-03 2.000000000000000000e+04 1.000000000000000000e+01 1.000000000000000000e+00 1.000000000000000000e+00 2.000000000000000000e+00 1.328156617270719320e+00 4.200000000000000000e+01 3.602232360839843750e+02
1.344246900000000000e+07 6.022652387619018555e-01 7.725515650986351270e-03 2.000000000000000000e+04 1.000000000000000000e+01 1.000000000000000000e+00 1.000000000000000000e+00 2.000000000000000000e+00 1.328156617270719320e+00 4.200000000000000000e+01 3.602232360839843750e+02
1.701161500000000000e+07 3.523299932479858398e+00 7.700268867813193398e-03 2.000000000000000000e+04 1.000000000000000000e+01 1.000000000000000000e+00 1.000000000000000000e+00 2.000000000000000000e+00 1.328156617270719320e+00 4.200000000000000000e+01 3.602232360839843750e+02
7.415457000000000000e+06 1.016808271408081055e+00 6.968112155791615116e-03 2.000000000000000000e+04 1.000000000000000000e+01 1.000000000000000000e+00 1.000000000000000000e+00 2.000000000000000000e+00 1.328156617270719320e+00 4.200000000000000000e+01 3.602232360839843750e+02
1.071445300000000000e+07 1.934229135513305664e+00 6.286449010116352577e-03 2.000000000000000000e+04 1.000000000000000000e+01 1.000000000000000000e+00 1.000000000000000000e+00 2.000000000000000000e+00 1.328156617270719320e+00 4.200000000000000000e+01 3.602232360839843750e+02
4.063260000000000000e+06 3.035795688629150391e-01 6.286449010116352577e-03 2.000000000000000000e+04 1.000000000000000000e+01 1.000000000000000000e+00 1.000000000000000000e+00 2.000000000000000000e+00 1.328156617270719320e+00 4.200000000000000000e+01 3.602232360839843750e+02
7.774449000000000000e+06 2.638891935348510742e-01 5.352318032709511321e-03 2.000000000000000000e+04 1.000000000000000000e+01 1.000000000000000000e+00 1.000000000000000000e+00 2.000000000000000000e+00 1.328156617270719320e+00 4.200000000000000000e+01 3.602232360839843750e+02
2.295648000000000000e+06 1.750056028366088867e+00 8.760633761085824880e-03 2.000000000000000000e+04 1.000000000000000000e+01 1.000000000000000000e+00 1.000000000000000000e+00 2.000000000000000000e+00 1.328156617270719320e+00 4.200000000000000000e+01 3.602232360839843750e+02
6.744569000000000000e+06 1.877599000930786133e+00 1.055315536638003378e-02 2.000000000000000000e+04 1.000000000000000000e+01 1.000000000000000000e+00 1.000000000000000000e+00 2.000000000000000000e+00 1.328156617270719320e+00 4.200000000000000000e+01 3.602232360839843750e+02
5.367350000000000000e+05 1.081699013710021973e+00 8.684893411566351265e-03 2.000000000000000000e+04 1.000000000000000000e+01 1.000000000000000000e+00 1.000000000000000000e+00 2.000000000000000000e+00 1.328156617270719320e+00 4.200000000000000000e+01 3.602232360839843750e+02
1.023777400000000000e+07 6.920609474182128906e+00 8.659646628393193393e-03 2.000000000000000000e+04 1.000000000000000000e+01 1.000000000000000000e+00 1.000000000000000000e+00 2.000000000000000000e+00 1.328156617270719320e+00 4.200000000000000000e+01 3.602232360839843750e+02
9.109749000000000000e+06 1.192647442221641541e-01 8.684893411566351265e-03 2.000000000000000000e+04 1.000000000000000000e+01 1.000000000000000000e+00 1.000000000000000000e+00 2.000000000000000000e+00 1.328156617270719320e+00 4.200000000000000000e+01 3.602232360839843750e+02
9.913846000000000000e+06 1.498575210571289062e-01 8.684893411566351265e-03 2.000000000000000000e+04 1.000000000000000000e+01 1.000000000000000000e+00 1.000000000000000000e+00 2.000000000000000000e+00 1.328156617270719320e+00 4.200000000000000000e+01 3.602232360839843750e+02
5.171465000000000000e+06 9.686972945928573608e-02 9.795751871185297624e-03 2.000000000000000000e+04 1.000000000000000000e+01 1.000000000000000000e+00 1.000000000000000000e+00 2.000000000000000000e+00 1.328156617270719320e+00 4.200000000000000000e+01 3.602232360839843750e+02
9.640822000000000000e+06 8.317285776138305664e-01 1.047741501686056016e-02 2.000000000000000000e+04 1.000000000000000000e+01 1.000000000000000000e+00 1.000000000000000000e+00 2.000000000000000000e+00 1.328156617270719320e+00 4.200000000000000000e+01 3.602232360839843750e+02
1.398488500000000000e+07 2.359128952026367188e+00 1.090661033080424572e-02 2.000000000000000000e+04 1.000000000000000000e+01 1.000000000000000000e+00 1.000000000000000000e+00 2.000000000000000000e+00 1.328156617270719320e+00 4.200000000000000000e+01 3.602232360839843750e+02
1.450940000000000000e+06 2.864319324493408203e+00 8.861620893778456368e-03 2.000000000000000000e+04 1.000000000000000000e+01 1.000000000000000000e+00 1.000000000000000000e+00 2.000000000000000000e+00 1.328156617270719320e+00 4.200000000000000000e+01 3.602232360839843750e+02
5.074379000000000000e+06 5.897399187088012695e-01 9.795751871185297624e-03 2.000000000000000000e+04 1.000000000000000000e+01 1.000000000000000000e+00 1.000000000000000000e+00 2.000000000000000000e+00 1.328156617270719320e+00 4.200000000000000000e+01 3.602232360839843750e+02
1.091220000000000000e+06 3.379912674427032471e-02 9.366556557241613803e-03 2.000000000000000000e+04 1.000000000000000000e+01 1.000000000000000000e+00 1.000000000000000000e+00 2.000000000000000000e+00 1.328156617270719320e+00 4.200000000000000000e+01 3.602232360839843750e+02
1.287787000000000000e+07 6.053490042686462402e-01 9.139335508683192957e-03 2.000000000000000000e+04 1.000000000000000000e+01 1.000000000000000000e+00 1.000000000000000000e+00 2.000000000000000000e+00 1.328156617270719320e+00 4.200000000000000000e+01 3.602232360839843750e+02
8.166004000000000000e+06 2.105939626693725586e+00 1.105809102984319295e-02 2.000000000000000000e+04 1.000000000000000000e+01 1.000000000000000000e+00 1.000000000000000000e+00 2.000000000000000000e+00 1.328156617270719320e+00 4.200000000000000000e+01 3.602232360839843750e+02
3.966348000000000000e+06 6.141928672790527344e+00 1.113383137936266483e-02 2.000000000000000000e+04 1.000000000000000000e+01 1.000000000000000000e+00 1.000000000000000000e+00 2.000000000000000000e+00 1.328156617270719320e+00 4.200000000000000000e+01 3.602232360839843750e+02
1.138758900000000000e+07 7.024209976196289062e+00 8.760633761085824880e-03 2.000000000000000000e+04 1.000000000000000000e+01 1.000000000000000000e+00 1.000000000000000000e+00 2.000000000000000000e+00 1.328156617270719320e+00 4.200000000000000000e+01 3.602232360839843750e+02
9.119454000000000000e+06 1.097955894470214844e+01 9.366556557241613803e-03 2.000000000000000000e+04 1.000000000000000000e+01 1.000000000000000000e+00 1.000000000000000000e+00 2.000000000000000000e+00 1.328156617270719320e+00 4.200000000000000000e+01 3.602232360839843750e+02
3.203014000000000000e+06 4.813793599605560303e-01 9.947232570224244855e-03 2.000000000000000000e+04 1.000000000000000000e+01 1.000000000000000000e+00 1.000000000000000000e+00 2.000000000000000000e+00 1.328156617270719320e+00 4.200000000000000000e+01 3.602232360839843750e+02
3.114063000000000000e+06 6.046491265296936035e-01 8.962608026471087855e-03 2.000000000000000000e+04 1.000000000000000000e+01 1.000000000000000000e+00 1.000000000000000000e+00 2.000000000000000000e+00 1.328156617270719320e+00 4.200000000000000000e+01 3.602232360839843750e+02
9.284895000000000000e+06 8.209929615259170532e-02 9.543284039453718906e-03 2.000000000000000000e+04 1.000000000000000000e+01 1.000000000000000000e+00 1.000000000000000000e+00 2.000000000000000000e+00 1.328156617270719320e+00 4.200000000000000000e+01 3.602232360839843750e+02
2.676613000000000000e+06 1.384868741035461426e+00 9.543284039453718906e-03 2.000000000000000000e+04 1.000000000000000000e+01 1.000000000000000000e+00 1.000000000000000000e+00 2.000000000000000000e+00 1.328156617270719320e+00 4.200000000000000000e+01 3.602232360839843750e+02
1.380371700000000000e+07 2.577254474163055420e-01 9.391803340414771675e-03 2.000000000000000000e+04 1.000000000000000000e+01 1.000000000000000000e+00 1.000000000000000000e+00 2.000000000000000000e+00 1.328156617270719320e+00 4.200000000000000000e+01 3.602232360839843750e+02
6.191590000000000000e+05 1.422599554061889648e+00 9.543284039453718906e-03 2.000000000000000000e+04 1.000000000000000000e+01 1.000000000000000000e+00 1.000000000000000000e+00 2.000000000000000000e+00 1.328156617270719320e+00 4.200000000000000000e+01 3.602232360839843750e+02
4.832050000000000000e+05 1.388508796691894531e+00 9.013101592817403598e-03 2.000000000000000000e+04 1.000000000000000000e+01 1.000000000000000000e+00 1.000000000000000000e+00 2.000000000000000000e+00 1.328156617270719320e+00 4.200000000000000000e+01 3.602232360839843750e+02
1.444201000000000000e+06 1.252357840538024902e+00 1.017445361878266570e-02 2.000000000000000000e+04 1.000000000000000000e+01 1.000000000000000000e+00 1.000000000000000000e+00 2.000000000000000000e+00 1.328156617270719320e+00 4.200000000000000000e+01 3.602232360839843750e+02
1.228864600000000000e+07 6.174598336219787598e-01 8.962608026471087855e-03 2.000000000000000000e+04 1.000000000000000000e+01 1.000000000000000000e+00 1.000000000000000000e+00 2.000000000000000000e+00 1.328156617270719320e+00 4.200000000000000000e+01 3.602232360839843750e+02
6.166929000000000000e+06 1.338669896125793457e+00 9.391803340414771675e-03 2.000000000000000000e+04 1.000000000000000000e+01 1.000000000000000000e+00 1.000000000000000000e+00 2.000000000000000000e+00 1.328156617270719320e+00 4.200000000000000000e+01 3.602232360839843750e+02
1.371195600000000000e+07 2.195749580860137939e-01 8.962608026471087855e-03 2.000000000000000000e+04 1.000000000000000000e+01 1.000000000000000000e+00 1.000000000000000000e+00 2.000000000000000000e+00 1.328156617270719320e+00 4.200000000000000000e+01 3.602232360839843750e+02
7.351699000000000000e+06 2.791941165924072266e-02 8.861620893778456368e-03 2.000000000000000000e+04 1.000000000000000000e+01 1.000000000000000000e+00 1.000000000000000000e+00 2.000000000000000000e+00 1.328156617270719320e+00 4.200000000000000000e+01 3.602232360839843750e+02
3.508960000000000000e+06 2.442155331373214722e-01 8.987854809644245727e-03 2.000000000000000000e+04 1.000000000000000000e+01 1.000000000000000000e+00 1.000000000000000000e+00 2.000000000000000000e+00 1.328156617270719320e+00 4.200000000000000000e+01 3.602232360839843750e+02
3.577730000000000000e+06 2.201361507177352905e-01 8.962608026471087855e-03 2.000000000000000000e+04 1.000000000000000000e+01 1.000000000000000000e+00 1.000000000000000000e+00 2.000000000000000000e+00 1.328156617270719320e+00 4.200000000000000000e+01 3.602232360839843750e+02
7.503099000000000000e+06 2.029989242553710938e+00 8.962608026471087855e-03 2.000000000000000000e+04 1.000000000000000000e+01 1.000000000000000000e+00 1.000000000000000000e+00 2.000000000000000000e+00 1.328156617270719320e+00 4.200000000000000000e+01 3.602232360839843750e+02
1.308419400000000000e+07 3.893667697906494141e+00 8.962608026471087855e-03 2.000000000000000000e+04 1.000000000000000000e+01 1.000000000000000000e+00 1.000000000000000000e+00 2.000000000000000000e+00 1.328156617270719320e+00 4.200000000000000000e+01 3.602232360839843750e+02
3.836865000000000000e+06 1.813260078430175781e+01 8.861620893778456368e-03 2.000000000000000000e+04 1.000000000000000000e+01 1.000000000000000000e+00 1.000000000000000000e+00 2.000000000000000000e+00 1.328156617270719320e+00 4.200000000000000000e+01 3.602232360839843750e+02
4.092186000000000000e+06 1.445489406585693359e+00 8.861620893778456368e-03 2.000000000000000000e+04 1.000000000000000000e+01 1.000000000000000000e+00 1.000000000000000000e+00 2.000000000000000000e+00 1.328156617270719320e+00 4.200000000000000000e+01 3.602232360839843750e+02
1.172235700000000000e+07 1.783056557178497314e-01 8.811127327432140624e-03 2.000000000000000000e+04 1.000000000000000000e+01 1.000000000000000000e+00 1.000000000000000000e+00 2.000000000000000000e+00 1.328156617270719320e+00 4.200000000000000000e+01 3.602232360839843750e+02
1.523541700000000000e+07 4.878899157047271729e-01 8.811127327432140624e-03 2.000000000000000000e+04 1.000000000000000000e+01 1.000000000000000000e+00 1.000000000000000000e+00 2.000000000000000000e+00 1.328156617270719320e+00 4.200000000000000000e+01 3.602232360839843750e+02
1.069850800000000000e+07 2.762468814849853516e+00 9.038348375990561470e-03 2.000000000000000000e+04 1.000000000000000000e+01 1.000000000000000000e+00 1.000000000000000000e+00 2.000000000000000000e+00 1.328156617270719320e+00 4.200000000000000000e+01 3.602232360839843750e+02
8.217278000000000000e+06 8.252176642417907715e-01 8.912114460124772111e-03 2.000000000000000000e+04 1.000000000000000000e+01 1.000000000000000000e+00 1.000000000000000000e+00 2.000000000000000000e+00 1.328156617270719320e+00 4.200000000000000000e+01 3.602232360839843750e+02
3.961895000000000000e+06 1.516468524932861328e+00 9.795751871185297624e-03 2.000000000000000000e+04 1.000000000000000000e+01 1.000000000000000000e+00 1.000000000000000000e+00 2.000000000000000000e+00 1.328156617270719320e+00 4.200000000000000000e+01 3.602232360839843750e+02
