# (0) ID (1) Max mass (2) seed formation time (3) GMC mass (4) GMC radius (5) GMC metallicity (6) ISRF (7) GMC virial parameter (8) GMC mass-to-flux ratio (9) seed (10) total stellar mass formed
# SFE: 0.0349458
# IMF params: -1.49785 -1.35762 -1.21854 31.4645
# 
1.243391300000000000e+07 1.339576601982116699e+00 2.120722800000152120e-02 2.000000000000000000e+04 1.000000000000000000e+01 1.000000000000000000e+00 1.000000000000000000e+00 2.000000000000000000e+00 1.328156617270719320e+00 4.200000000000000000e+01 6.989157104492187500e+02
1.473938500000000000e+07 3.982983350753784180e+00 2.216660260000159755e-02 2.000000000000000000e+04 1.000000000000000000e+01 1.000000000000000000e+00 1.000000000000000000e+00 2.000000000000000000e+00 1.328156617270719320e+00 4.200000000000000000e+01 6.989157104492187500e+02
7.855358000000000000e+06 4.568079411983489990e-01 2.130821480000152923e-02 2.000000000000000000e+04 1.000000000000000000e+01 1.000000000000000000e+00 1.000000000000000000e+00 2.000000000000000000e+00 1.328156617270719320e+00 4.200000000000000000e+01 6.989157104492187500e+02
4.983822000000000000e+06 1.896165758371353149e-01 2.087902090000149508e-02 2.000000000000000000e+04 1.000000000000000000e+01 1.000000000000000000e+00 1.000000000000000000e+00 2.000000000000000000e+00 1.328156617270719320e+00 4.200000000000000000e+01 6.989157104492187500e+02
1.163070300000000000e+07 4.755627214908599854e-01 2.087902090000149508e-02 2.000000000000000000e+04 1.000000000000000000e+01 1.000000000000000000e+00 1.000000000000000000e+00 2.000000000000000000e+00 1.328156617270719320e+00 4.200000000000000000e+01 6.989157104492187500e+02
1.143859400000000000e+07 1.458929300308227539e+00 2.151018840000154531e-02 2.000000000000000000e+04 1.000000000000000000e+01 1.000000000000000000e+00 1.000000000000000000e+00 2.000000000000000000e+00 1.328156617270719320e+00 4.200000000000000000e+01 6.989157104492187500e+02
1.529863400000000000e+07 1.662700057029724121e+00 2.239382290000161563e-02 2.000000000000000000e+04 1.000000000000000000e+01 1.000000000000000000e+00 1.000000000000000000e+00 2.000000000000000000e+00 1.328156617270719320e+00 4.200000000000000000e+01 6.989157104492187500e+02
1.026535200000000000e+07 5.620169043540954590e-01 2.163642190000155535e-02 2.000000000000000000e+04 1.000000000000000000e+01 1.000000000000000000e+00 1.000000000000000000e+00 2.000000000000000000e+00 1.328156617270719320e+00 4.200000000000000000e+01 6.989157104492187500e+02
8.381504000000000000e+06 1.607721149921417236e-01 2.171216200000156138e-02 2.000000000000000000e+04 1.000000000000000000e+01 1.000000000000000000e+00 1.000000000000000000e+00 2.000000000000000000e+00 1.328156617270719320e+00 4.200000000000000000e+01 6.989157104492187500e+02
2.267166000000000000e+06 1.535718917846679688e+00 2.085377420000149307e-02 2.000000000000000000e+04 1.000000000000000000e+01 1.000000000000000000e+00 1.000000000000000000e+00 2.000000000000000000e+00 1.328156617270719320e+00 4.200000000000000000e+01 6.989157104492187500e+02
1.807876000000000000e+07 2.185965329408645630e-01 2.239382290000161563e-02 2.000000000000000000e+04 1.000000000000000000e+01 1.000000000000000000e+00 1.000000000000000000e+00 2.000000000000000000e+00 1.328156617270719320e+00 4.200000000000000000e+01 6.989157104492187500e+02
4.599211000000000000e+06 8.707199692726135254e-01 2.236857620000161362e-02 2.000000000000000000e+04 1.000000000000000000e+01 1.000000000000000000e+00 1.000000000000000000e+00 2.000000000000000000e+00 1.328156617270719320e+00 4.200000000000000000e+01 6.989157104492187500e+02
5.697529000000000000e+06 1.127719402313232422e+01 2.231808280000160960e-02 2.000000000000000000e+04 1.000000000000000000e+01 1.000000000000000000e+00 1.000000000000000000e+00 2.000000000000000000e+00 1.328156617270719320e+00 4.200000000000000000e+01 6.989157104492187500e+02
1.225098800000000000e+07 1.397883057594299316e+00 2.236857620000161362e-02 2.000000000000000000e+04 1.000000000000000000e+01 1.000000000000000000e+00 1.000000000000000000e+00 2.000000000000000000e+00 1.328156617270719320e+00 4.200000000000000000e+01 6.989157104492187500e+02
1.375476500000000000e+07 6.643545627593994141e-01 2.151018840000154531e-02 2.000000000000000000e+04 1.000000000000000000e+01 1.000000000000000000e+00 1.000000000000000000e+00 2.000000000000000000e+00 1.328156617270719320e+00 4.200000000000000000e+01 6.989157104492187500e+02
4.880530000000000000e+05 1.929327845573425293e+00 2.226758940000160558e-02 2.000000000000000000e+04 1.000000000000000000e+01 1.000000000000000000e+00 1.000000000000000000e+00 2.000000000000000000e+00 1.328156617270719320e+00 4.200000000000000000e+01 6.989157104492187500e+02
1.448273600000000000e+07 7.648398876190185547e+00 2.092951430000149909e-02 2.000000000000000000e+04 1.000000000000000000e+01 1.000000000000000000e+00 1.000000000000000000e+00 2.000000000000000000e+00 1.328156617270719320e+00 4.200000000000000000e+01 6.989157104492187500e+02
1.060626500000000000e+07 1.128412342071533203e+01 2.229283610000160759e-02 2.000000000000000000e+04 1.000000000000000000e+01 1.000000000000000000e+00 1.000000000000000000e+00 2.000000000000000000e+00 1.328156617270719320e+00 4.200000000000000000e+01 6.989157104492187500e+02
3.292298000000000000e+06 4.807439148426055908e-01 2.239382290000161563e-02 2.000000000000000000e+04 1.000000000000000000e+01 1.000000000000000000e+00 1.000000000000000000e+00 2.000000000000000000e+00 1.328156617270719320e+00 4.200000000000000000e+01 6.989157104492187500e+02
1.183991900000000000e+07 1.424372196197509766e-01 2.239382290000161563e-02 2.000000000000000000e+04 1.000000000000000000e+01 1.000000000000000000e+00 1.000000000000000000e+00 2.000000000000000000e+00 1.328156617270719320e+00 4.200000000000000000e+01 6.989157104492187500e+02
9.855204000000000000e+06 1.139129734039306641e+01 2.231808280000160960e-02 2.000000000000000000e+04 1.000000000000000000e+01 1.000000000000000000e+00 1.000000000000000000e+00 2.000000000000000000e+00 1.328156617270719320e+00 4.200000000000000000e+01 6.989157104492187500e+02
5.372113000000000000e+06 2.286023944616317749e-01 2.153543510000154731e-02 2.000000000000000000e+04 1.000000000000000000e+01 1.000000000000000000e+00 1.000000000000000000e+00 2.000000000000000000e+00 1.328156617270719320e+00 4.200000000000000000e+01 6.989157104492187500e+02
3.442177000000000000e+06 1.509498214721679688e+01 2.151018840000154531e-02 2.000000000000000000e+04 1.000000000000000000e+01 1.000000000000000000e+00 1.000000000000000000e+00 2.000000000000000000e+00 1.328156617270719320e+00 4.200000000000000000e+01 6.989157104492187500e+02
1.220076100000000000e+07 5.525654554367065430e-01 2.153543510000154731e-02 2.000000000000000000e+04 1.000000000000000000e+01 1.000000000000000000e+00 1.000000000000000000e+00 2.000000000000000000e+00 1.328156617270719320e+00 4.200000000000000000e+01 6.989157104492187500e+02
4.446104000000000000e+06 1.112515544891357422e+01 2.176265540000156540e-02 2.000000000000000000e+04 1.000000000000000000e+01 1.000000000000000000e+00 1.000000000000000000e+00 2.000000000000000000e+00 1.328156617270719320e+00 4.200000000000000000e+01 6.989157104492187500e+02
1.015461000000000000e+06 2.381529331207275391e+00 2.198987570000158348e-02 2.000000000000000000e+04 1.000000000000000000e+01 1.000000000000000000e+00 1.000000000000000000e+00 2.000000000000000000e+00 1.328156617270719320e+00 4.200000000000000000e+01 6.989157104492187500e+02
7.990600000000000000e+06 6.042268276214599609e-01 2.198987570000158348e-02 2.000000000000000000e+04 1.000000000000000000e+01 1.000000000000000000e+00 1.000000000000000000e+00 2.000000000000000000e+00 1.328156617270719320e+00 4.200000000000000000e+01 6.989157104492187500e+02
4.864054000000000000e+06 2.696267664432525635e-01 2.153543510000154731e-02 2.000000000000000000e+04 1.000000000000000000e+01 1.000000000000000000e+00 1.000000000000000000e+00 2.000000000000000000e+00 1.328156617270719320e+00 4.200000000000000000e+01 6.989157104492187500e+02
1.257832400000000000e+07 2.074632942676544189e-01 2.153543510000154731e-02 2.000000000000000000e+04 1.000000000000000000e+01 1.000000000000000000e+00 1.000000000000000000e+00 2.000000000000000000e+00 1.328156617270719320e+00 4.200000000000000000e+01 6.989157104492187500e+02
1.062302000000000000e+07 3.308065831661224365e-01 2.151018840000154531e-02 2.000000000000000000e+04 1.000000000000000000e+01 1.000000000000000000e+00 1.000000000000000000e+00 2.000000000000000000e+00 1.328156617270719320e+00 4.200000000000000000e+01 6.989157104492187500e+02
1.897859300000000000e+07 3.433067560195922852e+00 2.171216200000156138e-02 2.000000000000000000e+04 1.000000000000000000e+01 1.000000000000000000e+00 1.000000000000000000e+00 2.000000000000000000e+00 1.328156617270719320e+00 4.200000000000000000e+01 6.989157104492187500e+02
5.519905000000000000e+06 1.098914623260498047e+01 2.143444830000153928e-02 2.000000000000000000e+04 1.000000000000000000e+01 1.000000000000000000e+00 1.000000000000000000e+00 2.000000000000000000e+00 1.328156617270719320e+00 4.200000000000000000e+01 6.989157104492187500e+02
5.505734000000000000e+06 1.193414807319641113e+00 2.156068180000154932e-02 2.000000000000000000e+04 1.000000000000000000e+01 1.000000000000000000e+00 1.000000000000000000e+00 2.000000000000000000e+00 1.328156617270719320e+00 4.200000000000000000e+01 6.989157104492187500e+02
1.251901000000000000e+07 1.170950889587402344e+01 2.128296810000152722e-02 2.000000000000000000e+04 1.000000000000000000e+01 1.000000000000000000e+00 1.000000000000000000e+00 2.000000000000000000e+00 1.328156617270719320e+00 4.200000000000000000e+01 6.989157104492187500e+02
1.647099300000000000e+07 5.095147609710693359e+00 2.181314880000156942e-02 2.000000000000000000e+04 1.000000000000000000e+01 1.000000000000000000e+00 1.000000000000000000e+00 2.000000000000000000e+00 1.328156617270719320e+00 4.200000000000000000e+01 6.989157104492187500e+02
1.438104300000000000e+07 1.632528662681579590e+00 2.216660260000159755e-02 2.000000000000000000e+04 1.000000000000000000e+01 1.000000000000000000e+00 1.000000000000000000e+00 2.000000000000000000e+00 1.328156617270719320e+00 4.200000000000000000e+01 6.989157104492187500e+02
4.720222000000000000e+06 1.865978717803955078e+00 2.244431630000161965e-02 2.000000000000000000e+04 1.000000000000000000e+01 1.000000000000000000e+00 1.000000000000000000e+00 2.000000000000000000e+00 1.328156617270719320e+00 4.200000000000000000e+01 6.989157104492187500e+02
1.867016000000000000e+06 4.330767393112182617e-01 2.098000770000150311e-02 2.000000000000000000e+04 1.000000000000000000e+01 1.000000000000000000e+00 1.000000000000000000e+00 2.000000000000000000e+00 1.328156617270719320e+00 4.200000000000000000e+01 6.989157104492187500e+02
8.805629000000000000e+06 2.494694143533706665e-01 2.087902090000149508e-02 2.000000000000000000e+04 1.000000000000000000e+01 1.000000000000000000e+00 1.000000000000000000e+00 2.000000000000000000e+00 1.328156617270719320e+00 4.200000000000000000e+01 6.989157104492187500e+02
5.196655000000000000e+06 3.438313484191894531e+00 2.052556710000146695e-02 2.000000000000000000e+04 1.000000000000000000e+01 1.000000000000000000e+00 1.000000000000000000e+00 2.000000000000000000e+00 1.328156617270719320e+00 4.200000000000000000e+01 6.989157104492187500e+02
1.120291400000000000e+07 2.399431765079498291e-01 2.052556710000146695e-02 2.000000000000000000e+04 1.000000000000000000e+01 1.000000000000000000e+00 1.000000000000000000e+00 2.000000000000000000e+00 1.328156617270719320e+00 4.200000000000000000e+01 6.989157104492187500e+02
1.086394600000000000e+07 2.647245168685913086e+00 2.113148790000151517e-02 2.000000000000000000e+04 1.000000000000000000e+01 1.000000000000000000e+00 1.000000000000000000e+00 2.000000000000000000e+00 1.328156617270719320e+00 4.200000000000000000e+01 6.989157104492187500e+02
8.344667000000000000e+06 1.341060400009155273e-01 2.123247470000152320e-02 2.000000000000000000e+04 1.000000000000000000e+01 1.000000000000000000e+00 1.000000000000000000e+00 2.000000000000000000e+00 1.328156617270719320e+00 4.200000000000000000e+01 6.989157104492187500e+02
2.307046000000000000e+06 2.067017793655395508e+00 2.113148790000151517e-02 2.000000000000000000e+04 1.000000000000000000e+01 1.000000000000000000e+00 1.000000000000000000e+00 2.000000000000000000e+00 1.328156617270719320e+00 4.200000000000000000e+01 6.989157104492187500e+02
8.885840000000000000e+06 1.550602531433105469e+01 2.037408690000145489e-02 2.000000000000000000e+04 1.000000000000000000e+01 1.000000000000000000e+00 1.000000000000000000e+00 2.000000000000000000e+00 1.328156617270719320e+00 4.200000000000000000e+01 6.989157104492187500e+02
4.282167000000000000e+06 1.122783184051513672e+00 2.062655390000147498e-02 2.000000000000000000e+04 1.000000000000000000e+01 1.000000000000000000e+00 1.000000000000000000e+00 2.000000000000000000e+00 1.328156617270719320e+00 4.200000000000000000e+01 6.989157104492187500e+02
2.762323000000000000e+06 2.059177160263061523e+00 2.077803410000148704e-02 2.000000000000000000e+04 1.000000000000000000e+01 1.000000000000000000e+00 1.000000000000000000e+00 2.000000000000000000e+00 1.328156617270719320e+00 4.200000000000000000e+01 6.989157104492187500e+02
5.802554000000000000e+06 1.601659417152404785e+00 2.080328080000148905e-02 2.000000000000000000e+04 1.000000000000000000e+01 1.000000000000000000e+00 1.000000000000000000e+00 2.000000000000000000e+00 1.328156617270719320e+00 4.200000000000000000e+01 6.989157104492187500e+02
1.520356400000000000e+07 2.075802421569824219e+01 2.118198130000151919e-02 2.000000000000000000e+04 1.000000000000000000e+01 1.000000000000000000e+00 1.000000000000000000e+00 2.000000000000000000e+00 1.328156617270719320e+00 4.200000000000000000e+01 6.989157104492187500e+02
3.500004000000000000e+06 5.761059284210205078e+00 2.110624120000151316e-02 2.000000000000000000e+04 1.000000000000000000e+01 1.000000000000000000e+00 1.000000000000000000e+00 2.000000000000000000e+00 1.328156617270719320e+00 4.200000000000000000e+01 6.989157104492187500e+02
1.442533000000000000e+06 6.368726253509521484e+00 2.118198130000151919e-02 2.000000000000000000e+04 1.000000000000000000e+01 1.000000000000000000e+00 1.000000000000000000e+00 2.000000000000000000e+00 1.328156617270719320e+00 4.200000000000000000e+01 6.989157104492187500e+02
9.164198000000000000e+06 4.821480512619018555e-01 2.120722800000152120e-02 2.000000000000000000e+04 1.000000000000000000e+01 1.000000000000000000e+00 1.000000000000000000e+00 2.000000000000000000e+00 1.328156617270719320e+00 4.200000000000000000e+01 6.989157104492187500e+02
1.340919600000000000e+07 1.034450083971023560e-01 2.123247470000152320e-02 2.000000000000000000e+04 1.000000000000000000e+01 1.000000000000000000e+00 1.000000000000000000e+00 2.000000000000000000e+00 1.328156617270719320e+00 4.200000000000000000e+01 6.989157104492187500e+02
1.119722300000000000e+07 2.422058105468750000e+00 2.226758940000160558e-02 2.000000000000000000e+04 1.000000000000000000e+01 1.000000000000000000e+00 1.000000000000000000e+00 2.000000000000000000e+00 1.328156617270719320e+00 4.200000000000000000e+01 6.989157104492187500e+02
3.687580000000000000e+05 4.726456642150878906e+00 2.135870820000153325e-02 2.000000000000000000e+04 1.000000000000000000e+01 1.000000000000000000e+00 1.000000000000000000e+00 2.000000000000000000e+00 1.328156617270719320e+00 4.200000000000000000e+01 6.989157104492187500e+02
5.679592000000000000e+06 3.255757570266723633e+00 2.100525440000150512e-02 2.000000000000000000e+04 1.000000000000000000e+01 1.000000000000000000e+00 1.000000000000000000e+00 2.000000000000000000e+00 1.328156617270719320e+00 4.200000000000000000e+01 6.989157104492187500e+02
1.065172800000000000e+07 9.326224327087402344e+00 1.986915290000141471e-02 2.000000000000000000e+04 1.000000000000000000e+01 1.000000000000000000e+00 1.000000000000000000e+00 2.000000000000000000e+00 1.328156617270719320e+00 4.200000000000000000e+01 6.989157104492187500e+02
4.072420000000000000e+05 1.274467658996582031e+01 2.017211330000143882e-02 2.000000000000000000e+04 1.000000000000000000e+01 1.000000000000000000e+00 1.000000000000000000e+00 2.000000000000000000e+00 1.328156617270719320e+00 4.200000000000000000e+01 6.989157104492187500e+02
1.127597200000000000e+07 1.674455642700195312e+00 2.087902090000149508e-02 2.000000000000000000e+04 1.000000000000000000e+01 1.000000000000000000e+00 1.000000000000000000e+00 2.000000000000000000e+00 1.328156617270719320e+00 4.200000000000000000e+01 6.989157104492187500e+02
5.123157000000000000e+06 8.028007507324218750e+00 2.087902090000149508e-02 2.000000000000000000e+04 1.000000000000000000e+01 1.000000000000000000e+00 1.000000000000000000e+00 2.000000000000000000e+00 1.328156617270719320e+00 4.200000000000000000e+01 6.989157104492187500e+02
1.411506400000000000e+07 2.461777031421661377e-01 2.191413560000157745e-02 2.000000000000000000e+04 1.000000000000000000e+01 1.000000000000000000e+00 1.000000000000000000e+00 2.000000000000000000e+00 1.328156617270719320e+00 4.200000000000000000e+01 6.989157104492187500e+02
1.299568000000000000e+06 8.464248657226562500e+00 2.057606050000147097e-02 2.000000000000000000e+04 1.000000000000000000e+01 1.000000000000000000e+00 1.000000000000000000e+00 2.000000000000000000e+00 1.328156617270719320e+00 4.200000000000000000e+01 6.989157104492187500e+02
1.303174000000000000e+06 2.044899463653564453e+00 2.214135590000159554e-02 2.000000000000000000e+04 1.000000000000000000e+01 1.000000000000000000e+00 1.000000000000000000e+00 2.000000000000000000e+00 1.328156617270719320e+00 4.200000000000000000e+01 6.989157104492187500e+02
1.108595000000000000e+06 2.407779216766357422e+00 1.994489300000142074e-02 2.000000000000000000e+04 1.000000000000000000e+01 1.000000000000000000e+00 1.000000000000000000e+00 2.000000000000000000e+00 1.328156617270719320e+00 4.200000000000000000e+01 6.989157104492187500e+02
1.151251500000000000e+07 2.338577806949615479e-01 2.085377420000149307e-02 2.000000000000000000e+04 1.000000000000000000e+01 1.000000000000000000e+00 1.000000000000000000e+00 2.000000000000000000e+00 1.328156617270719320e+00 4.200000000000000000e+01 6.989157104492187500e+02
8.242546000000000000e+06 1.660317182540893555e+00 2.115673460000151718e-02 2.000000000000000000e+04 1.000000000000000000e+01 1.000000000000000000e+00 1.000000000000000000e+00 2.000000000000000000e+00 1.328156617270719320e+00 4.200000000000000000e+01 6.989157104492187500e+02
1.369500000000000000e+06 1.647578001022338867e+00 2.029834680000144886e-02 2.000000000000000000e+04 1.000000000000000000e+01 1.000000000000000000e+00 1.000000000000000000e+00 2.000000000000000000e+00 1.328156617270719320e+00 4.200000000000000000e+01 6.989157104492187500e+02
1.488561300000000000e+07 2.645216941833496094e+00 2.388337820000173417e-02 2.000000000000000000e+04 1.000000000000000000e+01 1.000000000000000000e+00 1.000000000000000000e+00 2.000000000000000000e+00 1.328156617270719320e+00 4.200000000000000000e+01 6.989157104492187500e+02
4.351087000000000000e+06 1.154853925108909607e-01 2.431257210000176833e-02 2.000000000000000000e+04 1.000000000000000000e+01 1.000000000000000000e+00 1.000000000000000000e+00 2.000000000000000000e+00 1.328156617270719320e+00 4.200000000000000000e+01 6.989157104492187500e+02
4.600771000000000000e+06 2.569562494754791260e-01 2.342893760000169801e-02 2.000000000000000000e+04 1.000000000000000000e+01 1.000000000000000000e+00 1.000000000000000000e+00 2.000000000000000000e+00 1.328156617270719320e+00 4.200000000000000000e+01 6.989157104492187500e+02
6.071611000000000000e+06 1.312363743782043457e-01 2.375714470000172412e-02 2.000000000000000000e+04 1.000000000000000000e+01 1.000000000000000000e+00 1.000000000000000000e+00 2.000000000000000000e+00 1.328156617270719320e+00 4.200000000000000000e+01 6.989157104492187500e+02
7.127899000000000000e+06 4.866266250610351562e-01 2.340369090000169600e-02 2.000000000000000000e+04 1.000000000000000000e+01 1.000000000000000000e+00 1.000000000000000000e+00 2.000000000000000000e+00 1.328156617270719320e+00 4.200000000000000000e+01 6.989157104492187500e+02
1.071304100000000000e+07 3.522315979003906250e+00 2.337844420000169399e-02 2.000000000000000000e+04 1.000000000000000000e+01 1.000000000000000000e+00 1.000000000000000000e+00 2.000000000000000000e+00 1.328156617270719320e+00 4.200000000000000000e+01 6.989157104492187500e+02
7.538280000000000000e+06 5.549461841583251953e-01 2.388337820000173417e-02 2.000000000000000000e+04 1.000000000000000000e+01 1.000000000000000000e+00 1.000000000000000000e+00 2.000000000000000000e+00 1.328156617270719320e+00 4.200000000000000000e+01 6.989157104492187500e+02
3.066451000000000000e+06 1.602872461080551147e-01 2.380763810000172814e-02 2.000000000000000000e+04 1.000000000000000000e+01 1.000000000000000000e+00 1.000000000000000000e+00 2.000000000000000000e+00 1.328156617270719320e+00 4.200000000000000000e+01 6.989157104492187500e+02
1.260837000000000000e+06 9.342731833457946777e-01 2.287351020000165380e-02 2.000000000000000000e+04 1.000000000000000000e+01 1.000000000000000000e+00 1.000000000000000000e+00 2.000000000000000000e+00 1.328156617270719320e+00 4.200000000000000000e+01 6.989157104492187500e+02
1.136369500000000000e+07 3.534183502197265625e-01 2.312597720000167389e-02 2.000000000000000000e+04 1.000000000000000000e+01 1.000000000000000000e+00 1.000000000000000000e+00 2.000000000000000000e+00 1.328156617270719320e+00 4.200000000000000000e+01 6.989157104492187500e+02
4.766912000000000000e+06 1.049701452255249023e+00 2.380763810000172814e-02 2.000000000000000000e+04 1.000000000000000000e+01 1.000000000000000000e+00 1.000000000000000000e+00 2.000000000000000000e+00 1.328156617270719320e+00 4.200000000000000000e+01 6.989157104492187500e+02
1.469250700000000000e+07 1.827754735946655273e+00 2.363091120000171408e-02 2.000000000000000000e+04 1.000000000000000000e+01 1.000000000000000000e+00 1.000000000000000000e+00 2.000000000000000000e+00 1.328156617270719320e+00 4.200000000000000000e+01 6.989157104492187500e+02
1.362299000000000000e+06 9.668664932250976562e+00 2.365615790000171609e-02 2.000000000000000000e+04 1.000000000000000000e+01 1.000000000000000000e+00 1.000000000000000000e+00 2.000000000000000000e+00 1.328156617270719320e+00 4.200000000000000000e+01 6.989157104492187500e+02
7.786869000000000000e+06 9.207718849182128906e+00 2.277252340000164577e-02 2.000000000000000000e+04 1.000000000000000000e+01 1.000000000000000000e+00 1.000000000000000000e+00 2.000000000000000000e+00 1.328156617270719320e+00 4.200000000000000000e+01 6.989157104492187500e+02
9.126664000000000000e+06 1.108083367347717285e+00 2.375714470000172412e-02 2.000000000000000000e+04 1.000000000000000000e+01 1.000000000000000000e+00 1.000000000000000000e+00 2.000000000000000000e+00 1.328156617270719320e+00 4.200000000000000000e+01 6.989157104492187500e+02
1.512982000000000000e+07 6.209506392478942871e-01 2.400961170000174422e-02 2.000000000000000000e+04 1.000000000000000000e+01 1.000000000000000000e+00 1.000000000000000000e+00 2.000000000000000000e+00 1.328156617270719320e+00 4.200000000000000000e+01 6.989157104492187500e+02
1.293499400000000000e+07 2.964807128906250000e+01 2.395911830000174020e-02 2.000000000000000000e+04 1.000000000000000000e+01 1.000000000000000000e+00 1.000000000000000000e+00 2.000000000000000000e+00 1.328156617270719320e+00 4.200000000000000000e+01 6.989157104492187500e+02
8.974435000000000000e+06 1.027458831667900085e-01 2.398436500000174221e-02 2.000000000000000000e+04 1.000000000000000000e+01 1.000000000000000000e+00 1.000000000000000000e+00 2.000000000000000000e+00 1.328156617270719320e+00 4.200000000000000000e+01 6.989157104492187500e+02
1.220171500000000000e+07 2.888749837875366211e-01 2.400961170000174422e-02 2.000000000000000000e+04 1.000000000000000000e+01 1.000000000000000000e+00 1.000000000000000000e+00 2.000000000000000000e+00 1.328156617270719320e+00 4.200000000000000000e+01 6.989157104492187500e+02
3.361674000000000000e+06 1.042882055044174194e-01 2.428732540000176632e-02 2.000000000000000000e+04 1.000000000000000000e+01 1.000000000000000000e+00 1.000000000000000000e+00 2.000000000000000000e+00 1.328156617270719320e+00 4.200000000000000000e+01 6.989157104492187500e+02
6.516051000000000000e+06 9.202764630317687988e-01 2.446405230000178038e-02 2.000000000000000000e+04 1.000000000000000000e+01 1.000000000000000000e+00 1.000000000000000000e+00 2.000000000000000000e+00 1.328156617270719320e+00 4.200000000000000000e+01 6.989157104492187500e+02
1.179717500000000000e+07 1.353668272495269775e-01 2.446405230000178038e-02 2.000000000000000000e+04 1.000000000000000000e+01 1.000000000000000000e+00 1.000000000000000000e+00 2.000000000000000000e+00 1.328156617270719320e+00 4.200000000000000000e+01 6.989157104492187500e+02
1.171227300000000000e+07 8.194036483764648438e-01 2.431257210000176833e-02 2.000000000000000000e+04 1.000000000000000000e+01 1.000000000000000000e+00 1.000000000000000000e+00 2.000000000000000000e+00 1.328156617270719320e+00 4.200000000000000000e+01 6.989157104492187500e+02
1.327179600000000000e+07 1.309680342674255371e+00 2.310073050000167189e-02 2.000000000000000000e+04 1.000000000000000000e+01 1.000000000000000000e+00 1.000000000000000000e+00 2.000000000000000000e+00 1.328156617270719320e+00 4.200000000000000000e+01 6.989157104492187500e+02
1.219719400000000000e+07 5.324066877365112305e-01 2.436306550000177235e-02 2.000000000000000000e+04 1.000000000000000000e+01 1.000000000000000000e+00 1.000000000000000000e+00 2.000000000000000000e+00 1.328156617270719320e+00 4.200000000000000000e+01 6.989157104492187500e+02
3.928800000000000000e+06 4.122184813022613525e-01 2.368140460000171810e-02 2.000000000000000000e+04 1.000000000000000000e+01 1.000000000000000000e+00 1.000000000000000000e+00 2.000000000000000000e+00 1.328156617270719320e+00 4.200000000000000000e+01 6.989157104492187500e+02
7.541065000000000000e+06 2.363064587116241455e-01 2.317647060000167791e-02 2.000000000000000000e+04 1.000000000000000000e+01 1.000000000000000000e+00 1.000000000000000000e+00 2.000000000000000000e+00 1.328156617270719320e+00 4.200000000000000000e+01 6.989157104492187500e+02
1.825612400000000000e+07 2.375295639038085938e+00 2.471651930000180047e-02 2.000000000000000000e+04 1.000000000000000000e+01 1.000000000000000000e+00 1.000000000000000000e+00 2.000000000000000000e+00 1.328156617270719320e+00 4.200000000000000000e+01 6.989157104492187500e+02
3.266132000000000000e+06 4.189488410949707031e+00 2.358041780000171006e-02 2.000000000000000000e+04 1.000000000000000000e+01 1.000000000000000000e+00 1.000000000000000000e+00 2.000000000000000000e+00 1.328156617270719320e+00 4.200000000000000000e+01 6.989157104492187500e+02
1.660396000000000000e+06 4.396616458892822266e+00 2.464077920000179445e-02 2.000000000000000000e+04 1.000000000000000000e+01 1.000000000000000000e+00 1.000000000000000000e+00 2.000000000000000000e+00 1.328156617270719320e+00 4.200000000000000000e+01 6.989157104492187500e+02
6.792591000000000000e+06 5.485092401504516602e-01 2.461553250000179244e-02 2.000000000000000000e+04 1.000000000000000000e+01 1.000000000000000000e+00 1.000000000000000000e+00 2.000000000000000000e+00 1.328156617270719320e+00 4.200000000000000000e+01 6.989157104492187500e+02
8.860010000000000000e+05 5.951997637748718262e-01 2.423683200000176230e-02 2.000000000000000000e+04 1.000000000000000000e+01 1.000000000000000000e+00 1.000000000000000000e+00 2.000000000000000000e+00 1.328156617270719320e+00 4.200000000000000000e+01 6.989157104492187500e+02
6.087800000000000000e+04 3.776369094848632812e-01 2.345418430000170001e-02 2.000000000000000000e+04 1.000000000000000000e+01 1.000000000000000000e+00 1.000000000000000000e+00 2.000000000000000000e+00 1.328156617270719320e+00 4.200000000000000000e+01 6.989157104492187500e+02
1.233416500000000000e+07 2.193697988986968994e-01 2.380763810000172814e-02 2.000000000000000000e+04 1.000000000000000000e+01 1.000000000000000000e+00 1.000000000000000000e+00 2.000000000000000000e+00 1.328156617270719320e+00 4.200000000000000000e+01 6.989157104492187500e+02
1.301737000000000000e+06 1.290089011192321777e+00 2.380763810000172814e-02 2.000000000000000000e+04 1.000000000000000000e+01 1.000000000000000000e+00 1.000000000000000000e+00 2.000000000000000000e+00 1.328156617270719320e+00 4.200000000000000000e+01 6.989157104492187500e+02
1.402858800000000000e+07 7.557673454284667969e+00 2.378239140000172613e-02 2.000000000000000000e+04 1.000000000000000000e+01 1.000000000000000000e+00 1.000000000000000000e+00 2.000000000000000000e+00 1.328156617270719320e+00 4.200000000000000000e+01 6.989157104492187500e+02
1.525455200000000000e+07 9.956617951393127441e-01 2.418633860000175828e-02 2.000000000000000000e+04 1.000000000000000000e+01 1.000000000000000000e+00 1.000000000000000000e+00 2.000000000000000000e+00 1.328156617270719320e+00 4.200000000000000000e+01 6.989157104492187500e+02
1.707918000000000000e+06 1.016032814979553223e+00 2.390862490000173618e-02 2.000000000000000000e+04 1.000000000000000000e+01 1.000000000000000000e+00 1.000000000000000000e+00 2.000000000000000000e+00 1.328156617270719320e+00 4.200000000000000000e+01 6.989157104492187500e+02
5.877662000000000000e+06 1.021141707897186279e-01 2.390862490000173618e-02 2.000000000000000000e+04 1.000000000000000000e+01 1.000000000000000000e+00 1.000000000000000000e+00 2.000000000000000000e+00 1.328156617270719320e+00 4.200000000000000000e+01 6.989157104492187500e+02
1.713534200000000000e+07 6.509570121765136719e+00 2.491849290000181655e-02 2.000000000000000000e+04 1.000000000000000000e+01 1.000000000000000000e+00 1.000000000000000000e+00 2.000000000000000000e+00 1.328156617270719320e+00 4.200000000000000000e+01 6.989157104492187500e+02
1.819034900000000000e+07 1.546146720647811890e-01 2.373189800000172212e-02 2.000000000000000000e+04 1.000000000000000000e+01 1.000000000000000000e+00 1.000000000000000000e+00 2.000000000000000000e+00 1.328156617270719320e+00 4.200000000000000000e+01 6.989157104492187500e+02
7.049812000000000000e+06 7.135020732879638672e+00 2.459028580000179043e-02 2.000000000000000000e+04 1.000000000000000000e+01 1.000000000000000000e+00 1.000000000000000000e+00 2.000000000000000000e+00 1.328156617270719320e+00 4.200000000000000000e+01 6.989157104492187500e+02
5.372570000000000000e+05 3.967375755310058594e+00 2.469127260000179847e-02 2.000000000000000000e+04 1.000000000000000000e+01 1.000000000000000000e+00 1.000000000000000000e+00 2.000000000000000000e+00 1.328156617270719320e+00 4.200000000000000000e+01 6.989157104492187500e+02
1.467712800000000000e+07 9.526857137680053711e-01 2.375714470000172412e-02 2.000000000000000000e+04 1.000000000000000000e+01 1.000000000000000000e+00 1.000000000000000000e+00 2.000000000000000000e+00 1.328156617270719320e+00 4.200000000000000000e+01 6.989157104492187500e+02
1.721357500000000000e+07 2.615031599998474121e-01 2.393387160000173819e-02 2.000000000000000000e+04 1.000000000000000000e+01 1.000000000000000000e+00 1.000000000000000000e+00 2.000000000000000000e+00 1.328156617270719320e+00 4.200000000000000000e+01 6.989157104492187500e+02
6.005749000000000000e+06 6.949479877948760986e-02 2.317647060000167791e-02 2.000000000000000000e+04 1.000000000000000000e+01 1.000000000000000000e+00 1.000000000000000000e+00 2.000000000000000000e+00 1.328156617270719320e+00 4.200000000000000000e+01 6.989157104492187500e+02
5.375597000000000000e+06 1.905273944139480591e-01 2.307548380000166988e-02 2.000000000000000000e+04 1.000000000000000000e+01 1.000000000000000000e+00 1.000000000000000000e+00 2.000000000000000000e+00 1.328156617270719320e+00 4.200000000000000000e+01 6.989157104492187500e+02
1.104344200000000000e+07 6.519654989242553711e-01 2.317647060000167791e-02 2.000000000000000000e+04 1.000000000000000000e+01 1.000000000000000000e+00 1.000000000000000000e+00 2.000000000000000000e+00 1.328156617270719320e+00 4.200000000000000000e+01 6.989157104492187500e+02
1.394706800000000000e+07 1.670134353637695312e+01 2.496898630000182057e-02 2.000000000000000000e+04 1.000000000000000000e+01 1.000000000000000000e+00 1.000000000000000000e+00 2.000000000000000000e+00 1.328156617270719320e+00 4.200000000000000000e+01 6.989157104492187500e+02
1.480786900000000000e+07 4.539342820644378662e-01 2.315122390000167590e-02 2.000000000000000000e+04 1.000000000000000000e+01 1.000000000000000000e+00 1.000000000000000000e+00 2.000000000000000000e+00 1.328156617270719320e+00 4.200000000000000000e+01 6.989157104492187500e+02
1.696170500000000000e+07 4.855701625347137451e-01 2.385813150000173216e-02 2.000000000000000000e+04 1.000000000000000000e+01 1.000000000000000000e+00 1.000000000000000000e+00 2.000000000000000000e+00 1.328156617270719320e+00 4.200000000000000000e+01 6.989157104492187500e+02
1.460573800000000000e+07 6.732488423585891724e-02 2.378239140000172613e-02 2.000000000000000000e+04 1.000000000000000000e+01 1.000000000000000000e+00 1.000000000000000000e+00 2.000000000000000000e+00 1.328156617270719320e+00 4.200000000000000000e+01 6.989157104492187500e+02
8.105245000000000000e+06 1.607048988342285156e+00 2.393387160000173819e-02 2.000000000000000000e+04 1.000000000000000000e+01 1.000000000000000000e+00 1.000000000000000000e+00 2.000000000000000000e+00 1.328156617270719320e+00 4.200000000000000000e+01 6.989157104492187500e+02
1.164221000000000000e+06 1.129995465278625488e+00 2.448929900000178239e-02 2.000000000000000000e+04 1.000000000000000000e+01 1.000000000000000000e+00 1.000000000000000000e+00 2.000000000000000000e+00 1.328156617270719320e+00 4.200000000000000000e+01 6.989157104492187500e+02
1.412185200000000000e+07 1.455866992473602295e-01 2.421158530000176029e-02 2.000000000000000000e+04 1.000000000000000000e+01 1.000000000000000000e+00 1.000000000000000000e+00 2.000000000000000000e+00 1.328156617270719320e+00 4.200000000000000000e+01 6.989157104492187500e+02
6.760808000000000000e+06 1.850607842206954956e-01 2.426207870000176431e-02 2.000000000000000000e+04 1.000000000000000000e+01 1.000000000000000000e+00 1.000000000000000000e+00 2.000000000000000000e+00 1.328156617270719320e+00 4.200000000000000000e+01 6.989157104492187500e+02
1.323471900000000000e+07 1.542297124862670898e+00 2.426207870000176431e-02 2.000000000000000000e+04 1.000000000000000000e+01 1.000000000000000000e+00 1.000000000000000000e+00 2.000000000000000000e+00 1.328156617270719320e+00 4.200000000000000000e+01 6.989157104492187500e+02
2.496732000000000000e+06 2.989403963088989258e+00 2.416109190000175627e-02 2.000000000000000000e+04 1.000000000000000000e+01 1.000000000000000000e+00 1.000000000000000000e+00 2.000000000000000000e+00 1.328156617270719320e+00 4.200000000000000000e+01 6.989157104492187500e+02
1.107677500000000000e+07 6.843189716339111328e+00 2.416109190000175627e-02 2.000000000000000000e+04 1.000000000000000000e+01 1.000000000000000000e+00 1.000000000000000000e+00 2.000000000000000000e+00 1.328156617270719320e+00 4.200000000000000000e+01 6.989157104492187500e+02
1.385511600000000000e+07 2.302566289901733398e+00 2.375714470000172412e-02 2.000000000000000000e+04 1.000000000000000000e+01 1.000000000000000000e+00 1.000000000000000000e+00 2.000000000000000000e+00 1.328156617270719320e+00 4.200000000000000000e+01 6.989157104492187500e+02
3.635031000000000000e+06 7.217574715614318848e-01 2.418633860000175828e-02 2.000000000000000000e+04 1.000000000000000000e+01 1.000000000000000000e+00 1.000000000000000000e+00 2.000000000000000000e+00 1.328156617270719320e+00 4.200000000000000000e+01 6.989157104492187500e+02
1.347836000000000000e+06 2.205338954925537109e+00 2.322696400000168193e-02 2.000000000000000000e+04 1.000000000000000000e+01 1.000000000000000000e+00 1.000000000000000000e+00 2.000000000000000000e+00 1.328156617270719320e+00 4.200000000000000000e+01 6.989157104492187500e+02
5.394701000000000000e+06 6.943175792694091797e-01 2.358041780000171006e-02 2.000000000000000000e+04 1.000000000000000000e+01 1.000000000000000000e+00 1.000000000000000000e+00 2.000000000000000000e+00 1.328156617270719320e+00 4.200000000000000000e+01 6.989157104492187500e+02
3.425936000000000000e+06 9.119476079940795898e-01 2.365615790000171609e-02 2.000000000000000000e+04 1.000000000000000000e+01 1.000000000000000000e+00 1.000000000000000000e+00 2.000000000000000000e+00 1.328156617270719320e+00 4.200000000000000000e+01 6.989157104492187500e+02
1.670920000000000000e+07 1.409784317016601562e+00 2.284826350000165179e-02 2.000000000000000000e+04 1.000000000000000000e+01 1.000000000000000000e+00 1.000000000000000000e+00 2.000000000000000000e+00 1.328156617270719320e+00 4.200000000000000000e+01 6.989157104492187500e+02
1.015899200000000000e+07 1.221356093883514404e-01 2.287351020000165380e-02 2.000000000000000000e+04 1.000000000000000000e+01 1.000000000000000000e+00 1.000000000000000000e+00 2.000000000000000000e+00 1.328156617270719320e+00 4.200000000000000000e+01 6.989157104492187500e+02
1.588781100000000000e+07 7.845659255981445312e+00 2.249480970000162366e-02 2.000000000000000000e+04 1.000000000000000000e+01 1.000000000000000000e+00 1.000000000000000000e+00 2.000000000000000000e+00 1.328156617270719320e+00 4.200000000000000000e+01 6.989157104492187500e+02
1.097844200000000000e+07 4.043736457824707031e-01 2.322696400000168193e-02 2.000000000000000000e+04 1.000000000000000000e+01 1.000000000000000000e+00 1.000000000000000000e+00 2.000000000000000000e+00 1.328156617270719320e+00 4.200000000000000000e+01 6.989157104492187500e+02
3.064892000000000000e+06 2.998502731323242188e+00 2.312597720000167389e-02 2.000000000000000000e+04 1.000000000000000000e+01 1.000000000000000000e+00 1.000000000000000000e+00 2.000000000000000000e+00 1.328156617270719320e+00 4.200000000000000000e+01 6.989157104492187500e+02
8.587541000000000000e+06 1.460538625717163086e+00 2.312597720000167389e-02 2.000000000000000000e+04 1.000000000000000000e+01 1.000000000000000000e+00 1.000000000000000000e+00 2.000000000000000000e+00 1.328156617270719320e+00 4.200000000000000000e+01 6.989157104492187500e+02
9.682737000000000000e+06 2.399866342544555664e+00 2.350467770000170403e-02 2.000000000000000000e+04 1.000000000000000000e+01 1.000000000000000000e+00 1.000000000000000000e+00 2.000000000000000000e+00 1.328156617270719320e+00 4.200000000000000000e+01 6.989157104492187500e+02
3.489338000000000000e+06 3.320784568786621094e+00 2.264628990000163572e-02 2.000000000000000000e+04 1.000000000000000000e+01 1.000000000000000000e+00 1.000000000000000000e+00 2.000000000000000000e+00 1.328156617270719320e+00 4.200000000000000000e+01 6.989157104492187500e+02
5.028626000000000000e+06 3.404860019683837891e+00 2.365615790000171609e-02 2.000000000000000000e+04 1.000000000000000000e+01 1.000000000000000000e+00 1.000000000000000000e+00 2.000000000000000000e+00 1.328156617270719320e+00 4.200000000000000000e+01 6.989157104492187500e+02
8.407610000000000000e+05 4.271253645420074463e-01 2.416109190000175627e-02 2.000000000000000000e+04 1.000000000000000000e+01 1.000000000000000000e+00 1.000000000000000000e+00 2.000000000000000000e+00 1.328156617270719320e+00 4.200000000000000000e+01 6.989157104492187500e+02
1.319996100000000000e+07 2.953103184700012207e-01 2.461553250000179244e-02 2.000000000000000000e+04 1.000000000000000000e+01 1.000000000000000000e+00 1.000000000000000000e+00 2.000000000000000000e+00 1.328156617270719320e+00 4.200000000000000000e+01 6.989157104492187500e+02
5.573887000000000000e+06 1.199227690696716309e+00 2.416109190000175627e-02 2.000000000000000000e+04 1.000000000000000000e+01 1.000000000000000000e+00 1.000000000000000000e+00 2.000000000000000000e+00 1.328156617270719320e+00 4.200000000000000000e+01 6.989157104492187500e+02
3.995908000000000000e+06 2.125601768493652344e+00 2.378239140000172613e-02 2.000000000000000000e+04 1.000000000000000000e+01 1.000000000000000000e+00 1.000000000000000000e+00 2.000000000000000000e+00 1.328156617270719320e+00 4.200000000000000000e+01 6.989157104492187500e+02
1.004852700000000000e+07 3.588075637817382812e-01 2.378239140000172613e-02 2.000000000000000000e+04 1.000000000000000000e+01 1.000000000000000000e+00 1.000000000000000000e+00 2.000000000000000000e+00 1.328156617270719320e+00 4.200000000000000000e+01 6.989157104492187500e+02
9.795911000000000000e+06 1.428264617919921875e+00 2.358041780000171006e-02 2.000000000000000000e+04 1.000000000000000000e+01 1.000000000000000000e+00 1.000000000000000000e+00 2.000000000000000000e+00 1.328156617270719320e+00 4.200000000000000000e+01 6.989157104492187500e+02
5.115556000000000000e+06 1.112777352333068848e+00 2.352992440000170604e-02 2.000000000000000000e+04 1.000000000000000000e+01 1.000000000000000000e+00 1.000000000000000000e+00 2.000000000000000000e+00 1.328156617270719320e+00 4.200000000000000000e+01 6.989157104492187500e+02
4.236316000000000000e+06 4.607270061969757080e-01 2.390862490000173618e-02 2.000000000000000000e+04 1.000000000000000000e+01 1.000000000000000000e+00 1.000000000000000000e+00 2.000000000000000000e+00 1.328156617270719320e+00 4.200000000000000000e+01 6.989157104492187500e+02
1.729016600000000000e+07 4.812333881855010986e-01 2.322696400000168193e-02 2.000000000000000000e+04 1.000000000000000000e+01 1.000000000000000000e+00 1.000000000000000000e+00 2.000000000000000000e+00 1.328156617270719320e+00 4.200000000000000000e+01 6.989157104492187500e+02
8.730821000000000000e+06 5.781006813049316406e+00 2.302499040000166586e-02 2.000000000000000000e+04 1.000000000000000000e+01 1.000000000000000000e+00 1.000000000000000000e+00 2.000000000000000000e+00 1.328156617270719320e+00 4.200000000000000000e+01 6.989157104492187500e+02
6.011103000000000000e+06 4.841080307960510254e-01 2.375714470000172412e-02 2.000000000000000000e+04 1.000000000000000000e+01 1.000000000000000000e+00 1.000000000000000000e+00 2.000000000000000000e+00 1.328156617270719320e+00 4.200000000000000000e+01 6.989157104492187500e+02
7.618142000000000000e+06 3.328204870223999023e+00 2.375714470000172412e-02 2.000000000000000000e+04 1.000000000000000000e+01 1.000000000000000000e+00 1.000000000000000000e+00 2.000000000000000000e+00 1.328156617270719320e+00 4.200000000000000000e+01 6.989157104492187500e+02
2.502253000000000000e+06 3.281453251838684082e-01 2.393387160000173819e-02 2.000000000000000000e+04 1.000000000000000000e+01 1.000000000000000000e+00 1.000000000000000000e+00 2.000000000000000000e+00 1.328156617270719320e+00 4.200000000000000000e+01 6.989157104492187500e+02
3.857493000000000000e+06 1.544394612312316895e+00 2.400961170000174422e-02 2.000000000000000000e+04 1.000000000000000000e+01 1.000000000000000000e+00 1.000000000000000000e+00 2.000000000000000000e+00 1.328156617270719320e+00 4.200000000000000000e+01 6.989157104492187500e+02
1.940630000000000000e+05 5.263894200325012207e-01 2.368140460000171810e-02 2.000000000000000000e+04 1.000000000000000000e+01 1.000000000000000000e+00 1.000000000000000000e+00 2.000000000000000000e+00 1.328156617270719320e+00 4.200000000000000000e+01 6.989157104492187500e+02
5.976230000000000000e+05 3.029404282569885254e-01 2.390862490000173618e-02 2.000000000000000000e+04 1.000000000000000000e+01 1.000000000000000000e+00 1.000000000000000000e+00 2.000000000000000000e+00 1.328156617270719320e+00 4.200000000000000000e+01 6.989157104492187500e+02
4.810804000000000000e+06 7.213481903076171875e+00 2.373189800000172212e-02 2.000000000000000000e+04 1.000000000000000000e+01 1.000000000000000000e+00 1.000000000000000000e+00 2.000000000000000000e+00 1.328156617270719320e+00 4.200000000000000000e+01 6.989157104492187500e+02
1.627507700000000000e+07 3.021952390670776367e+00 2.380763810000172814e-02 2.000000000000000000e+04 1.000000000000000000e+01 1.000000000000000000e+00 1.000000000000000000e+00 2.000000000000000000e+00 1.328156617270719320e+00 4.200000000000000000e+01 6.989157104492187500e+02
4.124911000000000000e+06 1.834501838684082031e+01 2.365615790000171609e-02 2.000000000000000000e+04 1.000000000000000000e+01 1.000000000000000000e+00 1.000000000000000000e+00 2.000000000000000000e+00 1.328156617270719320e+00 4.200000000000000000e+01 6.989157104492187500e+02
1.366655400000000000e+07 3.146450614929199219e+01 2.368140460000171810e-02 2.000000000000000000e+04 1.000000000000000000e+01 1.000000000000000000e+00 1.000000000000000000e+00 2.000000000000000000e+00 1.328156617270719320e+00 4.200000000000000000e+01 6.989157104492187500e+02
2.235409000000000000e+06 5.082268714904785156e+00 2.383288480000173015e-02 2.000000000000000000e+04 1.000000000000000000e+01 1.000000000000000000e+00 1.000000000000000000e+00 2.000000000000000000e+00 1.328156617270719320e+00 4.200000000000000000e+01 6.989157104492187500e+02
1.506466400000000000e+07 5.894618511199951172e+00 2.289875690000165581e-02 2.000000000000000000e+04 1.000000000000000000e+01 1.000000000000000000e+00 1.000000000000000000e+00 2.000000000000000000e+00 1.328156617270719320e+00 4.200000000000000000e+01 6.989157104492187500e+02
1.374802200000000000e+07 1.783512711524963379e+00 2.380763810000172814e-02 2.000000000000000000e+04 1.000000000000000000e+01 1.000000000000000000e+00 1.000000000000000000e+00 2.000000000000000000e+00 1.328156617270719320e+00 4.200000000000000000e+01 6.989157104492187500e+02
1.558197200000000000e+07 1.497074365615844727e+00 2.282301680000164978e-02 2.000000000000000000e+04 1.000000000000000000e+01 1.000000000000000000e+00 1.000000000000000000e+00 2.000000000000000000e+00 1.328156617270719320e+00 4.200000000000000000e+01 6.989157104492187500e+02
1.751756200000000000e+07 1.628608345985412598e+00 2.443880560000177837e-02 2.000000000000000000e+04 1.000000000000000000e+01 1.000000000000000000e+00 1.000000000000000000e+00 2.000000000000000000e+00 1.328156617270719320e+00 4.200000000000000000e+01 6.989157104492187500e+02
1.617282700000000000e+07 1.427705526351928711e+00 2.443880560000177837e-02 2.000000000000000000e+04 1.000000000000000000e+01 1.000000000000000000e+00 1.000000000000000000e+00 2.000000000000000000e+00 1.328156617270719320e+00 4.200000000000000000e+01 6.989157104492187500e+02
1.802920400000000000e+07 1.641393154859542847e-01 2.428732540000176632e-02 2.000000000000000000e+04 1.000000000000000000e+01 1.000000000000000000e+00 1.000000000000000000e+00 2.000000000000000000e+00 1.328156617270719320e+00 4.200000000000000000e+01 6.989157104492187500e+02
7.903248000000000000e+06 1.719955086708068848e+00 2.461553250000179244e-02 2.000000000000000000e+04 1.000000000000000000e+01 1.000000000000000000e+00 1.000000000000000000e+00 2.000000000000000000e+00 1.328156617270719320e+00 4.200000000000000000e+01 6.989157104492187500e+02
2.403028000000000000e+06 1.320959925651550293e+00 2.464077920000179445e-02 2.000000000000000000e+04 1.000000000000000000e+01 1.000000000000000000e+00 1.000000000000000000e+00 2.000000000000000000e+00 1.328156617270719320e+00 4.200000000000000000e+01 6.989157104492187500e+02
2.620820000000000000e+05 5.404969215393066406e+00 2.464077920000179445e-02 2.000000000000000000e+04 1.000000000000000000e+01 1.000000000000000000e+00 1.000000000000000000e+00 2.000000000000000000e+00 1.328156617270719320e+00 4.200000000000000000e+01 6.989157104492187500e+02
6.243418000000000000e+06 3.555842161178588867e+00 2.461553250000179244e-02 2.000000000000000000e+04 1.000000000000000000e+01 1.000000000000000000e+00 1.000000000000000000e+00 2.000000000000000000e+00 1.328156617270719320e+00 4.200000000000000000e+01 6.989157104492187500e+02
2.394866000000000000e+06 1.155965447425842285e+00 2.378239140000172613e-02 2.000000000000000000e+04 1.000000000000000000e+01 1.000000000000000000e+00 1.000000000000000000e+00 2.000000000000000000e+00 1.328156617270719320e+00 4.200000000000000000e+01 6.989157104492187500e+02
4.102194000000000000e+06 4.147974014282226562e+00 2.289875690000165581e-02 2.000000000000000000e+04 1.000000000000000000e+01 1.000000000000000000e+00 1.000000000000000000e+00 2.000000000000000000e+00 1.328156617270719320e+00 4.200000000000000000e+01 6.989157104492187500e+02
1.379357900000000000e+07 6.535734534263610840e-01 2.305023710000166787e-02 2.000000000000000000e+04 1.000000000000000000e+01 1.000000000000000000e+00 1.000000000000000000e+00 2.000000000000000000e+00 1.328156617270719320e+00 4.200000000000000000e+01 6.989157104492187500e+02
6.736144000000000000e+06 1.402643442153930664e+00 2.431257210000176833e-02 2.000000000000000000e+04 1.000000000000000000e+01 1.000000000000000000e+00 1.000000000000000000e+00 2.000000000000000000e+00 1.328156617270719320e+00 4.200000000000000000e+01 6.989157104492187500e+02
9.771980000000000000e+05 1.081695556640625000e+00 2.428732540000176632e-02 2.000000000000000000e+04 1.000000000000000000e+01 1.000000000000000000e+00 1.000000000000000000e+00 2.000000000000000000e+00 1.328156617270719320e+00 4.200000000000000000e+01 6.989157104492187500e+02
8.103056000000000000e+06 8.200339674949645996e-01 2.441355890000177636e-02 2.000000000000000000e+04 1.000000000000000000e+01 1.000000000000000000e+00 1.000000000000000000e+00 2.000000000000000000e+00 1.328156617270719320e+00 4.200000000000000000e+01 6.989157104492187500e+02
4.884900000000000000e+04 1.737260818481445312e-01 2.426207870000176431e-02 2.000000000000000000e+04 1.000000000000000000e+01 1.000000000000000000e+00 1.000000000000000000e+00 2.000000000000000000e+00 1.328156617270719320e+00 4.200000000000000000e+01 6.989157104492187500e+02
8.285342000000000000e+06 8.226389884948730469e+00 2.332795080000168997e-02 2.000000000000000000e+04 1.000000000000000000e+01 1.000000000000000000e+00 1.000000000000000000e+00 2.000000000000000000e+00 1.328156617270719320e+00 4.200000000000000000e+01 6.989157104492187500e+02
9.518434000000000000e+06 4.490279674530029297e+00 2.428732540000176632e-02 2.000000000000000000e+04 1.000000000000000000e+01 1.000000000000000000e+00 1.000000000000000000e+00 2.000000000000000000e+00 1.328156617270719320e+00 4.200000000000000000e+01 6.989157104492187500e+02
3.550968000000000000e+06 9.260703086853027344e+00 2.393387160000173819e-02 2.000000000000000000e+04 1.000000000000000000e+01 1.000000000000000000e+00 1.000000000000000000e+00 2.000000000000000000e+00 1.328156617270719320e+00 4.200000000000000000e+01 6.989157104492187500e+02
1.491586300000000000e+07 3.597823083400726318e-01 2.448929900000178239e-02 2.000000000000000000e+04 1.000000000000000000e+01 1.000000000000000000e+00 1.000000000000000000e+00 2.000000000000000000e+00 1.328156617270719320e+00 4.200000000000000000e+01 6.989157104492187500e+02
1.376697200000000000e+07 5.293264985084533691e-01 2.431257210000176833e-02 2.000000000000000000e+04 1.000000000000000000e+01 1.000000000000000000e+00 1.000000000000000000e+00 2.000000000000000000e+00 1.328156617270719320e+00 4.200000000000000000e+01 6.989157104492187500e+02
3.393690000000000000e+06 1.775535702705383301e+00 2.428732540000176632e-02 2.000000000000000000e+04 1.000000000000000000e+01 1.000000000000000000e+00 1.000000000000000000e+00 2.000000000000000000e+00 1.328156617270719320e+00 4.200000000000000000e+01 6.989157104492187500e+02
7.636683000000000000e+06 1.927716851234436035e+00 2.451454570000178440e-02 2.000000000000000000e+04 1.000000000000000000e+01 1.000000000000000000e+00 1.000000000000000000e+00 2.000000000000000000e+00 1.328156617270719320e+00 4.200000000000000000e+01 6.989157104492187500e+02
1.015566300000000000e+07 4.939327239990234375e+00 2.352992440000170604e-02 2.000000000000000000e+04 1.000000000000000000e+01 1.000000000000000000e+00 1.000000000000000000e+00 2.000000000000000000e+00 1.328156617270719320e+00 4.200000000000000000e+01 6.989157104492187500e+02
9.720870000000000000e+06 2.837087392807006836e+00 2.471651930000180047e-02 2.000000000000000000e+04 1.000000000000000000e+01 1.000000000000000000e+00 1.000000000000000000e+00 2.000000000000000000e+00 1.328156617270719320e+00 4.200000000000000000e+01 6.989157104492187500e+02
9.938742000000000000e+06 8.178632855415344238e-01 2.453979240000178641e-02 2.000000000000000000e+04 1.000000000000000000e+01 1.000000000000000000e+00 1.000000000000000000e+00 2.000000000000000000e+00 1.328156617270719320e+00 4.200000000000000000e+01 6.989157104492187500e+02
2.539994000000000000e+06 4.625430405139923096e-01 2.436306550000177235e-02 2.000000000000000000e+04 1.000000000000000000e+01 1.000000000000000000e+00 1.000000000000000000e+00 2.000000000000000000e+00 1.328156617270719320e+00 4.200000000000000000e+01 6.989157104492187500e+02
8.998515000000000000e+06 4.800451695919036865e-01 2.406010510000174824e-02 2.000000000000000000e+04 1.000000000000000000e+01 1.000000000000000000e+00 1.000000000000000000e+00 2.000000000000000000e+00 1.328156617270719320e+00 4.200000000000000000e+01 6.989157104492187500e+02
5.760390000000000000e+05 2.523209333419799805e+00 2.335319750000169198e-02 2.000000000000000000e+04 1.000000000000000000e+01 1.000000000000000000e+00 1.000000000000000000e+00 2.000000000000000000e+00 1.328156617270719320e+00 4.200000000000000000e+01 6.989157104492187500e+02
9.288674000000000000e+06 5.804247856140136719e-01 2.252005640000162567e-02 2.000000000000000000e+04 1.000000000000000000e+01 1.000000000000000000e+00 1.000000000000000000e+00 2.000000000000000000e+00 1.328156617270719320e+00 4.200000000000000000e+01 6.989157104492187500e+02
8.700602000000000000e+06 7.590674757957458496e-01 2.421158530000176029e-02 2.000000000000000000e+04 1.000000000000000000e+01 1.000000000000000000e+00 1.000000000000000000e+00 2.000000000000000000e+00 1.328156617270719320e+00 4.200000000000000000e+01 6.989157104492187500e+02
2.368100000000000000e+04 8.174932748079299927e-02 2.378239140000172613e-02 2.000000000000000000e+04 1.000000000000000000e+01 1.000000000000000000e+00 1.000000000000000000e+00 2.000000000000000000e+00 1.328156617270719320e+00 4.200000000000000000e+01 6.989157104492187500e+02
2.691211000000000000e+06 6.725429892539978027e-01 2.378239140000172613e-02 2.000000000000000000e+04 1.000000000000000000e+01 1.000000000000000000e+00 1.000000000000000000e+00 2.000000000000000000e+00 1.328156617270719320e+00 4.200000000000000000e+01 6.989157104492187500e+02
3.668923000000000000e+06 9.657048225402832031e+00 2.368140460000171810e-02 2.000000000000000000e+04 1.000000000000000000e+01 1.000000000000000000e+00 1.000000000000000000e+00 2.000000000000000000e+00 1.328156617270719320e+00 4.200000000000000000e+01 6.989157104492187500e+02
6.257233000000000000e+06 4.386797249317169189e-01 2.368140460000171810e-02 2.000000000000000000e+04 1.000000000000000000e+01 1.000000000000000000e+00 1.000000000000000000e+00 2.000000000000000000e+00 1.328156617270719320e+00 4.200000000000000000e+01 6.989157104492187500e+02
1.398841900000000000e+07 3.099773079156875610e-02 2.378239140000172613e-02 2.000000000000000000e+04 1.000000000000000000e+01 1.000000000000000000e+00 1.000000000000000000e+00 2.000000000000000000e+00 1.328156617270719320e+00 4.200000000000000000e+01 6.989157104492187500e+02
8.130257000000000000e+06 4.935568273067474365e-01 2.342893760000169801e-02 2.000000000000000000e+04 1.000000000000000000e+01 1.000000000000000000e+00 1.000000000000000000e+00 2.000000000000000000e+00 1.328156617270719320e+00 4.200000000000000000e+01 6.989157104492187500e+02
1.802503000000000000e+07 7.763547420501708984e+00 2.360566450000171207e-02 2.000000000000000000e+04 1.000000000000000000e+01 1.000000000000000000e+00 1.000000000000000000e+00 2.000000000000000000e+00 1.328156617270719320e+00 4.200000000000000000e+01 6.989157104492187500e+02
3.442429000000000000e+06 5.979245662689208984e+00 2.345418430000170001e-02 2.000000000000000000e+04 1.000000000000000000e+01 1.000000000000000000e+00 1.000000000000000000e+00 2.000000000000000000e+00 1.328156617270719320e+00 4.200000000000000000e+01 6.989157104492187500e+02
4.762138000000000000e+06 1.606765270233154297e+00 2.426207870000176431e-02 2.000000000000000000e+04 1.000000000000000000e+01 1.000000000000000000e+00 1.000000000000000000e+00 2.000000000000000000e+00 1.328156617270719320e+00 4.200000000000000000e+01 6.989157104492187500e+02
1.037680900000000000e+07 1.195932507514953613e+00 2.421158530000176029e-02 2.000000000000000000e+04 1.000000000000000000e+01 1.000000000000000000e+00 1.000000000000000000e+00 2.000000000000000000e+00 1.328156617270719320e+00 4.200000000000000000e+01 6.989157104492187500e+02
1.848800300000000000e+07 2.295638084411621094e+00 2.360566450000171207e-02 2.000000000000000000e+04 1.000000000000000000e+01 1.000000000000000000e+00 1.000000000000000000e+00 2.000000000000000000e+00 1.328156617270719320e+00 4.200000000000000000e+01 6.989157104492187500e+02
6.775321000000000000e+06 9.867069721221923828e-01 2.411059850000175225e-02 2.000000000000000000e+04 1.000000000000000000e+01 1.000000000000000000e+00 1.000000000000000000e+00 2.000000000000000000e+00 1.328156617270719320e+00 4.200000000000000000e+01 6.989157104492187500e+02
1.890198400000000000e+07 2.776761949062347412e-01 2.340369090000169600e-02 2.000000000000000000e+04 1.000000000000000000e+01 1.000000000000000000e+00 1.000000000000000000e+00 2.000000000000000000e+00 1.328156617270719320e+00 4.200000000000000000e+01 6.989157104492187500e+02
2.169672000000000000e+06 1.947039842605590820e+00 2.345418430000170001e-02 2.000000000000000000e+04 1.000000000000000000e+01 1.000000000000000000e+00 1.000000000000000000e+00 2.000000000000000000e+00 1.328156617270719320e+00 4.200000000000000000e+01 6.989157104492187500e+02
1.212290400000000000e+07 2.342607259750366211e+00 2.342893760000169801e-02 2.000000000000000000e+04 1.000000000000000000e+01 1.000000000000000000e+00 1.000000000000000000e+00 2.000000000000000000e+00 1.328156617270719320e+00 4.200000000000000000e+01 6.989157104492187500e+02
1.179533000000000000e+06 2.966558074951171875e+01 2.325221070000168394e-02 2.000000000000000000e+04 1.000000000000000000e+01 1.000000000000000000e+00 1.000000000000000000e+00 2.000000000000000000e+00 1.328156617270719320e+00 4.200000000000000000e+01 6.989157104492187500e+02
3.340514000000000000e+06 5.176067829132080078e+00 2.390862490000173618e-02 2.000000000000000000e+04 1.000000000000000000e+01 1.000000000000000000e+00 1.000000000000000000e+00 2.000000000000000000e+00 1.328156617270719320e+00 4.200000000000000000e+01 6.989157104492187500e+02
1.006317100000000000e+07 2.738318920135498047e+00 2.499423300000182258e-02 2.000000000000000000e+04 1.000000000000000000e+01 1.000000000000000000e+00 1.000000000000000000e+00 2.000000000000000000e+00 1.328156617270719320e+00 4.200000000000000000e+01 6.989157104492187500e+02
1.565657500000000000e+07 1.415104150772094727e+00 2.418633860000175828e-02 2.000000000000000000e+04 1.000000000000000000e+01 1.000000000000000000e+00 1.000000000000000000e+00 2.000000000000000000e+00 1.328156617270719320e+00 4.200000000000000000e+01 6.989157104492187500e+02
1.250585300000000000e+07 4.843146800994873047e+00 2.310073050000167189e-02 2.000000000000000000e+04 1.000000000000000000e+01 1.000000000000000000e+00 1.000000000000000000e+00 2.000000000000000000e+00 1.328156617270719320e+00 4.200000000000000000e+01 6.989157104492187500e+02
9.171007000000000000e+06 1.370655536651611328e+00 2.385813150000173216e-02 2.000000000000000000e+04 1.000000000000000000e+01 1.000000000000000000e+00 1.000000000000000000e+00 2.000000000000000000e+00 1.328156617270719320e+00 4.200000000000000000e+01 6.989157104492187500e+02
6.856373000000000000e+06 4.376106262207031250e+00 2.484275280000181052e-02 2.000000000000000000e+04 1.000000000000000000e+01 1.000000000000000000e+00 1.000000000000000000e+00 2.000000000000000000e+00 1.328156617270719320e+00 4.200000000000000000e+01 6.989157104492187500e+02
3.501200000000000000e+05 2.263646602630615234e+00 2.385813150000173216e-02 2.000000000000000000e+04 1.000000000000000000e+01 1.000000000000000000e+00 1.000000000000000000e+00 2.000000000000000000e+00 1.328156617270719320e+00 4.200000000000000000e+01 6.989157104492187500e+02
9.660687000000000000e+06 4.983824491500854492e-01 2.380763810000172814e-02 2.000000000000000000e+04 1.000000000000000000e+01 1.000000000000000000e+00 1.000000000000000000e+00 2.000000000000000000e+00 1.328156617270719320e+00 4.200000000000000000e+01 6.989157104492187500e+02
1.710548600000000000e+07 7.953665733337402344e+00 2.305023710000166787e-02 2.000000000000000000e+04 1.000000000000000000e+01 1.000000000000000000e+00 1.000000000000000000e+00 2.000000000000000000e+00 1.328156617270719320e+00 4.200000000000000000e+01 6.989157104492187500e+02
1.428801000000000000e+06 3.349137544631958008e+00 2.342893760000169801e-02 2.000000000000000000e+04 1.000000000000000000e+01 1.000000000000000000e+00 1.000000000000000000e+00 2.000000000000000000e+00 1.328156617270719320e+00 4.200000000000000000e+01 6.989157104492187500e+02
1.255399600000000000e+07 2.841707944869995117e+00 2.489324620000181454e-02 2.000000000000000000e+04 1.000000000000000000e+01 1.000000000000000000e+00 1.000000000000000000e+00 2.000000000000000000e+00 1.328156617270719320e+00 4.200000000000000000e+01 6.989157104492187500e+02
2.837652000000000000e+06 3.374128818511962891e+00 2.519620660000183865e-02 2.000000000000000000e+04 1.000000000000000000e+01 1.000000000000000000e+00 1.000000000000000000e+00 2.000000000000000000e+00 1.328156617270719320e+00 4.200000000000000000e+01 6.989157104492187500e+02
6.749263000000000000e+06 1.550974011421203613e+00 2.544867360000185874e-02 2.000000000000000000e+04 1.000000000000000000e+01 1.000000000000000000e+00 1.000000000000000000e+00 2.000000000000000000e+00 1.328156617270719320e+00 4.200000000000000000e+01 6.989157104492187500e+02
5.388450000000000000e+05 2.208396345376968384e-01 2.517095990000183664e-02 2.000000000000000000e+04 1.000000000000000000e+01 1.000000000000000000e+00 1.000000000000000000e+00 2.000000000000000000e+00 1.328156617270719320e+00 4.200000000000000000e+01 6.989157104492187500e+02
9.819610000000000000e+06 9.867092370986938477e-01 2.572638730000188084e-02 2.000000000000000000e+04 1.000000000000000000e+01 1.000000000000000000e+00 1.000000000000000000e+00 2.000000000000000000e+00 1.328156617270719320e+00 4.200000000000000000e+01 6.989157104492187500e+02
1.280626000000000000e+07 2.311735630035400391e+00 2.565064720000187481e-02 2.000000000000000000e+04 1.000000000000000000e+01 1.000000000000000000e+00 1.000000000000000000e+00 2.000000000000000000e+00 1.328156617270719320e+00 4.200000000000000000e+01 6.989157104492187500e+02
1.219775300000000000e+07 2.748789489269256592e-01 2.501947970000182458e-02 2.000000000000000000e+04 1.000000000000000000e+01 1.000000000000000000e+00 1.000000000000000000e+00 2.000000000000000000e+00 1.328156617270719320e+00 4.200000000000000000e+01 6.989157104492187500e+02
3.015813000000000000e+06 8.395249843597412109e-01 2.597885430000190093e-02 2.000000000000000000e+04 1.000000000000000000e+01 1.000000000000000000e+00 1.000000000000000000e+00 2.000000000000000000e+00 1.328156617270719320e+00 4.200000000000000000e+01 6.989157104492187500e+02
1.154966300000000000e+07 7.703733444213867188e-01 2.562540050000187281e-02 2.000000000000000000e+04 1.000000000000000000e+01 1.000000000000000000e+00 1.000000000000000000e+00 2.000000000000000000e+00 1.328156617270719320e+00 4.200000000000000000e+01 6.989157104492187500e+02
9.577452000000000000e+06 3.246797084808349609e+00 2.512046650000183262e-02 2.000000000000000000e+04 1.000000000000000000e+01 1.000000000000000000e+00 1.000000000000000000e+00 2.000000000000000000e+00 1.328156617270719320e+00 4.200000000000000000e+01 6.989157104492187500e+02
7.642049000000000000e+06 1.733187556266784668e+00 2.504472640000182659e-02 2.000000000000000000e+04 1.000000000000000000e+01 1.000000000000000000e+00 1.000000000000000000e+00 2.000000000000000000e+00 1.328156617270719320e+00 4.200000000000000000e+01 6.989157104492187500e+02
8.803875000000000000e+06 1.470332622528076172e+00 2.514571320000183463e-02 2.000000000000000000e+04 1.000000000000000000e+01 1.000000000000000000e+00 1.000000000000000000e+00 2.000000000000000000e+00 1.328156617270719320e+00 4.200000000000000000e+01 6.989157104492187500e+02
